{
 "cells": [
  {
   "cell_type": "code",
   "execution_count": 2,
   "metadata": {},
   "outputs": [
    {
     "name": "stdout",
     "output_type": "stream",
     "text": [
      "interClusLib Path: /Users/jiashuchen/Desktop/InterClusLib/examples/../interClusLib/__init__.py\n",
      "\n",
      " Random Interval Data:\n",
      "    feature_1_lower  feature_1_upper  feature_2_lower  feature_2_upper  \\\n",
      "0          0.693303        39.612070        50.591282        85.210911   \n",
      "1         50.449145        98.638012        31.777960        64.073951   \n",
      "2         10.619535        27.670957        40.996769        79.062040   \n",
      "3         19.813054        20.441325         0.275234        87.457268   \n",
      "4         29.736515        52.109382        13.721853        45.437289   \n",
      "5          9.800442        56.846601         1.944703        47.930403   \n",
      "6         29.788201        88.390108        13.645746        37.520413   \n",
      "7         64.109771        70.325096        36.166467        66.001697   \n",
      "8         55.982220        71.510408        79.671481        81.771443   \n",
      "9         17.565456        60.899713        55.068067        99.733129   \n",
      "10         8.632217        15.115745         1.831994        41.293033   \n",
      "11        25.258602        92.172989        47.131610        85.758173   \n",
      "12        25.351260        33.840498        19.917831        79.897079   \n",
      "13        24.758090        46.892829         6.975502        43.691033   \n",
      "14        20.105550        67.553158        11.076718        59.163621   \n",
      "15        30.482869        37.749274         0.388939         2.491916   \n",
      "16         0.978623        28.565767        46.140445        94.498997   \n",
      "17        22.175079        85.644376        45.470575        95.106796   \n",
      "18        25.607212        54.715153        43.860149        69.575354   \n",
      "19        35.103935        61.424239        37.135154        37.880488   \n",
      "20        83.131870        86.322608         7.390817        60.145894   \n",
      "21        67.986317        81.305875        26.432963        51.318794   \n",
      "22        56.926442        80.960461        38.077879        82.471437   \n",
      "23        21.907952        89.261946        50.036525        83.627220   \n",
      "24        67.459382        94.734578        48.488403        62.726437   \n",
      "25        10.649519        84.190498        79.618989        89.984556   \n",
      "26        31.949746        42.553249        19.532526        69.351189   \n",
      "27        85.531800        88.402244        19.943654        32.705899   \n",
      "28        16.569572        19.345759        13.075531        68.421659   \n",
      "29        25.562394        96.859515        67.890843        86.160134   \n",
      "\n",
      "    feature_3_lower  feature_3_upper  \n",
      "0         59.797392        90.615254  \n",
      "1          1.189358        75.868068  \n",
      "2         32.316261        75.100905  \n",
      "3         27.684803        69.002884  \n",
      "4         41.800416        44.341031  \n",
      "5         44.525321        96.483168  \n",
      "6         48.839701        55.563628  \n",
      "7          2.993236        48.846609  \n",
      "8         61.281877        83.675377  \n",
      "9         46.576035        59.531272  \n",
      "10        28.297066        47.614164  \n",
      "11        72.433234        84.843437  \n",
      "12        20.171675        88.987862  \n",
      "13        35.481362        37.244086  \n",
      "14        39.594433        40.660539  \n",
      "15         0.475115        61.529029  \n",
      "16        56.866710        84.184610  \n",
      "17        51.852668        63.504228  \n",
      "18        42.361838        71.549978  \n",
      "19        61.477997        80.684324  \n",
      "20        20.343363        42.994038  \n",
      "21        21.030644        93.735970  \n",
      "22        55.268461        86.006063  \n",
      "23        33.661258        74.611096  \n",
      "24        23.325495        99.365038  \n",
      "25        32.084889        60.202851  \n",
      "26        52.896372        57.912019  \n",
      "27        64.197611        87.546659  \n",
      "28        68.811998        90.713728  \n",
      "29        35.152392        66.785864  \n",
      "Data Summary:\n",
      "       feature_1_lower  feature_1_upper  feature_2_lower  feature_2_upper  \\\n",
      "count        30.000000        30.000000        30.000000        30.000000   \n",
      "mean         32.489536        62.468481        31.809220        66.348942   \n",
      "std          23.244331        26.224595        22.901959        22.842493   \n",
      "min           0.693303        15.115745         0.275234         2.491916   \n",
      "25%          18.127355        40.347365        13.218085        48.777501   \n",
      "50%          25.456827        64.488698        33.972213        68.886424   \n",
      "75%          46.612843        86.153050        46.883819        84.814989   \n",
      "max          85.531800        98.638012        79.671481        99.733129   \n",
      "\n",
      "       feature_3_lower  feature_3_upper  \n",
      "count        30.000000        30.000000  \n",
      "mean         39.426299        70.656793  \n",
      "std          19.554460        18.246433  \n",
      "min           0.475115        37.244086  \n",
      "25%          27.837869        58.316832  \n",
      "50%          40.697425        73.080537  \n",
      "75%          54.675439        85.715407  \n",
      "max          72.433234        99.365038  \n",
      "\n",
      "Detected interval columns:\n",
      "- feature_1_lower / feature_1_upper\n",
      "- feature_2_lower / feature_2_upper\n",
      "- feature_3_lower / feature_3_upper\n"
     ]
    }
   ],
   "source": [
    "import numpy as np\n",
    "import pandas as pd\n",
    "import sys\n",
    "import os\n",
    "import matplotlib.pyplot as plt\n",
    "import matplotlib.patches as patches\n",
    "from mpl_toolkits.mplot3d.art3d import Poly3DCollection\n",
    "\n",
    "# 获取当前目录\n",
    "current_dir = os.getcwd()\n",
    "\n",
    "# 添加 `interClusLib` 的上级目录到 Python 路径\n",
    "sys.path.append(os.path.join(current_dir, \"..\"))\n",
    "\n",
    "import interClusLib\n",
    "from interClusLib.IntervalData import IntervalData\n",
    "from interClusLib.metric import *\n",
    "from interClusLib.clustering.IntervalKMeans import IntervalKMeans\n",
    "from interClusLib.visualization.HeatMap import HeatMap\n",
    "from interClusLib.visualization.Interval2d import Interval2d\n",
    "from interClusLib.visualization.Interval3d import Interval3d\n",
    "from interClusLib.visualization.IntervalParallelCoordinates import IntervalParallelCoordinates\n",
    "\n",
    "print(\"interClusLib Path:\", interClusLib.__file__)\n",
    "\n",
    "random_data = IntervalData.random_data(30, 3)\n",
    "print(\"\\n Random Interval Data:\")\n",
    "print(random_data.data)\n",
    "random_data.summary()"
   ]
  },
  {
   "cell_type": "code",
   "execution_count": 3,
   "metadata": {},
   "outputs": [
    {
     "name": "stdout",
     "output_type": "stream",
     "text": [
      "<class 'interClusLib.IntervalData.IntervalData'>\n",
      "<class 'pandas.core.frame.DataFrame'>\n",
      "(30, 6)\n",
      "30\n"
     ]
    }
   ],
   "source": [
    "print(type(random_data))      \n",
    "print(type(random_data.data))  \n",
    "print(random_data.data.shape)  \n",
    "print(random_data.get_intervals().shape[0])"
   ]
  },
  {
   "cell_type": "code",
   "execution_count": 4,
   "metadata": {},
   "outputs": [
    {
     "name": "stdout",
     "output_type": "stream",
     "text": [
      "30\n",
      "[[1.00000000e+00 1.44012719e-01 4.48185911e-01 1.86506486e-01\n",
      "  6.40237781e-02 3.74676391e-01 3.73402768e-02 1.04737759e-01\n",
      "  2.62432799e-01 3.26522756e-01 5.55304353e-02 4.85287769e-01\n",
      "  3.60447543e-01 1.07172673e-01 1.35795026e-01 6.86391553e-02\n",
      "  7.15783067e-01 3.32785177e-01 3.20634153e-01 2.32483972e-01\n",
      "  4.09260731e-02 1.45416937e-01 4.72619686e-01 4.66398451e-01\n",
      "  2.45247602e-01 1.65249022e-01 1.56226521e-01 2.52548861e-01\n",
      "  3.41248785e-01 2.53015135e-01]\n",
      " [1.44012719e-01 1.00000000e+00 3.53656719e-01 3.07907032e-01\n",
      "  1.09797555e-01 2.20300236e-01 2.51660137e-01 5.19476458e-01\n",
      "  1.66356096e-01 1.44970124e-01 1.37180582e-01 3.07842090e-01\n",
      "  3.90939615e-01 7.74150126e-02 2.49602971e-01 2.66778565e-01\n",
      "  1.71623338e-01 3.03357423e-01 3.28018960e-01 1.25613429e-01\n",
      "  2.89995567e-01 4.62692929e-01 4.18142456e-01 4.41639286e-01\n",
      "  5.14018729e-01 2.53331234e-01 2.38477980e-01 7.19117767e-02\n",
      "  2.20781627e-01 3.52898282e-01]\n",
      " [4.48185911e-01 3.53656719e-01 1.00000000e+00 4.15726844e-01\n",
      "  4.24471608e-02 3.09617087e-01 5.23858298e-02 2.70723658e-01\n",
      "  8.96888960e-02 3.04095921e-01 1.88949569e-01 2.64571298e-01\n",
      "  4.52086969e-01 5.29595663e-02 1.41672139e-01 1.30485580e-01\n",
      "  5.28323975e-01 3.22127928e-01 4.68189263e-01 9.38836291e-02\n",
      "  1.54060385e-01 2.61531413e-01 4.08946576e-01 5.70419958e-01\n",
      "  3.12235236e-01 2.93214903e-01 1.97846229e-01 6.58049067e-02\n",
      "  2.28705880e-01 3.37055302e-01]\n",
      " [1.86506486e-01 3.07907032e-01 4.15726844e-01 1.00000000e+00\n",
      "  1.41757751e-01 2.98869654e-01 1.45528059e-01 2.20934733e-01\n",
      "  5.39951390e-02 2.17901507e-01 3.06716592e-01 1.47685484e-01\n",
      "  4.29463127e-01 1.54599577e-01 1.94801590e-01 1.72665920e-01\n",
      "  2.25357059e-01 2.41582280e-01 3.00766414e-01 5.01764852e-02\n",
      "  3.06577868e-01 2.84580629e-01 2.48233780e-01 3.79474780e-01\n",
      "  2.35563361e-01 2.58813905e-01 2.30941256e-01 7.55529582e-02\n",
      "  2.12620878e-01 3.25053954e-01]\n",
      " [6.40237781e-02 1.09797555e-01 4.24471608e-02 1.41757751e-01\n",
      "  1.00000000e+00 3.88410601e-01 3.76380317e-01 7.75793619e-02\n",
      "  0.00000000e+00 1.72095305e-01 2.54603763e-01 1.11450206e-01\n",
      "  1.91975607e-01 4.68817186e-01 3.77023990e-01 1.22133045e-01\n",
      "  0.00000000e+00 1.17499683e-01 2.87794288e-01 1.86719307e-01\n",
      "  2.16973906e-01 1.80139774e-01 3.56822045e-02 1.31403501e-01\n",
      "  1.11372529e-02 1.31526239e-01 3.13204029e-01 1.34132843e-01\n",
      "  1.91012675e-01 1.31370584e-01]\n",
      " [3.74676391e-01 2.20300236e-01 3.09617087e-01 2.98869654e-01\n",
      "  3.88410601e-01 1.00000000e+00 3.30962272e-01 7.66233061e-02\n",
      "  1.48333589e-01 3.39354509e-01 3.36371894e-01 2.10619752e-01\n",
      "  3.74148411e-01 4.22967251e-01 4.26753651e-01 1.14356666e-01\n",
      "  2.93665637e-01 2.35932327e-01 3.92742833e-01 2.69011777e-01\n",
      "  2.32180732e-01 3.62535336e-01 2.37979426e-01 3.06199521e-01\n",
      "  2.27766784e-01 2.88152651e-01 2.47737018e-01 2.42303603e-01\n",
      "  3.34951256e-01 2.40767791e-01]\n",
      " [3.73402768e-02 2.51660137e-01 5.23858298e-02 1.45528059e-01\n",
      "  3.76380317e-01 3.30962272e-01 1.00000000e+00 4.40173016e-02\n",
      "  8.83258399e-02 3.19429164e-01 2.01672899e-01 2.91924798e-01\n",
      "  1.42561681e-01 3.06355355e-01 3.49847556e-01 7.80423411e-02\n",
      "  0.00000000e+00 3.65538080e-01 2.09133055e-01 1.55011430e-01\n",
      "  1.69001480e-01 2.04692646e-01 1.39355092e-01 3.44752502e-01\n",
      "  1.36901252e-01 3.12975171e-01 2.65950467e-01 1.94438881e-01\n",
      "  1.43790044e-01 3.44832225e-01]\n",
      " [1.04737759e-01 5.19476458e-01 2.70723658e-01 2.20934733e-01\n",
      "  7.75793619e-02 7.66233061e-02 4.40173016e-02 1.00000000e+00\n",
      "  1.33420253e-01 7.07208951e-02 1.67056841e-01 1.57797887e-01\n",
      "  2.76958731e-01 5.53070192e-02 1.70172727e-01 2.50343615e-01\n",
      "  1.13494432e-01 1.48754629e-01 2.52444700e-01 8.32722557e-03\n",
      "  3.01036623e-01 2.75159923e-01 2.87215598e-01 2.13566109e-01\n",
      "  2.78538803e-01 1.25834305e-01 1.99625527e-01 0.00000000e+00\n",
      "  1.79688758e-01 1.00614224e-01]\n",
      " [2.62432799e-01 1.66356096e-01 8.96888960e-02 5.39951390e-02\n",
      "  0.00000000e+00 1.48333589e-01 8.83258399e-02 1.33420253e-01\n",
      "  1.00000000e+00 4.60577922e-02 0.00000000e+00 2.54521807e-01\n",
      "  1.09685880e-01 0.00000000e+00 7.50314175e-02 9.90188576e-04\n",
      "  2.87720685e-01 1.18933038e-01 8.28469358e-02 3.35717889e-01\n",
      "  0.00000000e+00 1.49055197e-01 4.53235896e-01 1.86523737e-01\n",
      "  1.33011439e-01 1.37913428e-01 0.00000000e+00 2.47197513e-01\n",
      "  1.68336665e-01 1.48723610e-01]\n",
      " [3.26522756e-01 1.44970124e-01 3.04095921e-01 2.17901507e-01\n",
      "  1.72095305e-01 3.39354509e-01 3.19429164e-01 7.07208951e-02\n",
      "  4.60577922e-02 1.00000000e+00 1.10789680e-02 3.53719962e-01\n",
      "  2.31746919e-01 1.70263595e-01 2.87426595e-01 1.26625357e-01\n",
      "  3.30060635e-01 5.86762873e-01 4.58402591e-01 1.96051785e-01\n",
      "  1.83297234e-02 5.93960913e-02 2.05082284e-01 4.78294441e-01\n",
      "  1.06607324e-01 4.27357468e-01 2.69978515e-01 0.00000000e+00\n",
      "  6.47520451e-02 4.21406576e-01]\n",
      " [5.55304353e-02 1.37180582e-01 1.88949569e-01 3.06716592e-01\n",
      "  2.54603763e-01 3.36371894e-01 2.01672899e-01 1.67056841e-01\n",
      "  0.00000000e+00 1.10789680e-02 1.00000000e+00 0.00000000e+00\n",
      "  1.84839432e-01 3.03695881e-01 1.94078076e-01 1.10842500e-01\n",
      "  7.83399696e-02 0.00000000e+00 4.04776266e-02 6.29594918e-03\n",
      "  3.73433861e-01 1.88657929e-01 1.32902473e-02 1.00422450e-01\n",
      "  8.46800539e-02 1.81944177e-01 1.07428746e-01 1.07804600e-01\n",
      "  1.41250658e-01 1.07925531e-01]\n",
      " [4.85287769e-01 3.07842090e-01 2.64571298e-01 1.47685484e-01\n",
      "  1.11450206e-01 2.10619752e-01 2.91924798e-01 1.57797887e-01\n",
      "  2.54521807e-01 3.53719962e-01 0.00000000e+00 1.00000000e+00\n",
      "  2.68285317e-01 1.06970555e-01 2.49328594e-01 3.61975211e-02\n",
      "  4.18353215e-01 5.46957580e-01 3.23559399e-01 2.48825064e-01\n",
      "  7.12505204e-02 1.46775238e-01 5.01368447e-01 6.07687561e-01\n",
      "  2.95842995e-01 2.88714743e-01 1.64658978e-01 1.91468388e-01\n",
      "  2.86516373e-01 4.62701854e-01]\n",
      " [3.60447543e-01 3.90939615e-01 4.52086969e-01 4.29463127e-01\n",
      "  1.91975607e-01 3.74148411e-01 1.42561681e-01 2.76958731e-01\n",
      "  1.09685880e-01 2.31746919e-01 1.84839432e-01 2.68285317e-01\n",
      "  1.00000000e+00 2.45050353e-01 2.54891485e-01 2.46022456e-01\n",
      "  3.15801301e-01 2.53644715e-01 3.77756518e-01 9.71742012e-02\n",
      "  2.94656468e-01 4.46229092e-01 3.71732069e-01 3.96599897e-01\n",
      "  3.55507479e-01 1.75999860e-01 3.33904362e-01 1.84024510e-01\n",
      "  3.37294304e-01 2.52230759e-01]\n",
      " [1.07172673e-01 7.74150126e-02 5.29595663e-02 1.54599577e-01\n",
      "  4.68817186e-01 4.22967251e-01 3.06355355e-01 5.53070192e-02\n",
      "  0.00000000e+00 1.70263595e-01 3.03695881e-01 1.06970555e-01\n",
      "  2.45050353e-01 1.00000000e+00 3.63815542e-01 1.19050724e-01\n",
      "  2.76434200e-02 1.16249066e-01 2.36845839e-01 1.13940023e-01\n",
      "  2.53512331e-01 1.37812377e-01 2.47834727e-02 1.23892954e-01\n",
      "  7.72722696e-03 1.21225147e-01 2.88783330e-01 1.15865996e-01\n",
      "  1.66083085e-01 1.17187566e-01]\n",
      " [1.35795026e-01 2.49602971e-01 1.41672139e-01 1.94801590e-01\n",
      "  3.77023990e-01 4.26753651e-01 3.49847556e-01 1.70172727e-01\n",
      "  7.50314175e-02 2.87426595e-01 1.94078076e-01 2.49328594e-01\n",
      "  2.54891485e-01 3.63815542e-01 1.00000000e+00 5.68691949e-02\n",
      "  9.43967834e-02 2.85112925e-01 2.91693105e-01 1.90074412e-01\n",
      "  3.19526546e-01 1.77393754e-01 1.56654718e-01 2.70622163e-01\n",
      "  7.39872987e-02 2.27700488e-01 3.01184862e-01 8.84665327e-02\n",
      "  2.67899770e-01 1.93594839e-01]\n",
      " [6.86391553e-02 2.66778565e-01 1.30485580e-01 1.72665920e-01\n",
      "  1.22133045e-01 1.14356666e-01 7.80423411e-02 2.50343615e-01\n",
      "  9.90188576e-04 1.26625357e-01 1.10842500e-01 3.61975211e-02\n",
      "  2.46022456e-01 1.19050724e-01 5.68691949e-02 1.00000000e+00\n",
      "  1.85654737e-02 8.93363375e-02 1.73104203e-01 2.87104796e-02\n",
      "  1.23664884e-01 1.44749497e-01 2.43988429e-02 1.61261517e-01\n",
      "  1.28774611e-01 1.86450233e-01 1.87542356e-01 0.00000000e+00\n",
      "  0.00000000e+00 1.66563470e-01]\n",
      " [7.15783067e-01 1.71623338e-01 5.28323975e-01 2.25357059e-01\n",
      "  0.00000000e+00 2.93665637e-01 0.00000000e+00 1.13494432e-01\n",
      "  2.87720685e-01 3.30060635e-01 7.83399696e-02 4.18353215e-01\n",
      "  3.15801301e-01 2.76434200e-02 9.43967834e-02 1.85654737e-02\n",
      "  1.00000000e+00 4.18344545e-01 2.89641648e-01 2.34355834e-01\n",
      "  5.35940829e-02 1.50604272e-01 5.10890234e-01 3.73747755e-01\n",
      "  2.17895174e-01 1.64563568e-01 1.14341336e-01 2.17155933e-01\n",
      "  2.76152880e-01 2.03803640e-01]\n",
      " [3.32785177e-01 3.03357423e-01 3.22127928e-01 2.41582280e-01\n",
      "  1.17499683e-01 2.35932327e-01 3.65538080e-01 1.48754629e-01\n",
      "  1.18933038e-01 5.86762873e-01 0.00000000e+00 5.46957580e-01\n",
      "  2.53644715e-01 1.16249066e-01 2.85112925e-01 8.93363375e-02\n",
      "  4.18344545e-01 1.00000000e+00 4.42723532e-01 1.61657166e-01\n",
      "  6.88241926e-02 1.51758316e-01 4.22873622e-01 6.34531425e-01\n",
      "  2.30233254e-01 4.33841782e-01 3.04507913e-01 5.66612842e-04\n",
      "  9.32615285e-02 5.13623918e-01]\n",
      " [3.20634153e-01 3.28018960e-01 4.68189263e-01 3.00766414e-01\n",
      "  2.87794288e-01 3.92742833e-01 2.09133055e-01 2.52444700e-01\n",
      "  8.28469358e-02 4.58402591e-01 4.04776266e-02 3.23559399e-01\n",
      "  3.77756518e-01 2.36845839e-01 2.91693105e-01 1.73104203e-01\n",
      "  2.89641648e-01 4.42723532e-01 1.00000000e+00 2.70120220e-01\n",
      "  9.14132948e-02 1.91447482e-01 3.17435405e-01 5.45424437e-01\n",
      "  3.12512092e-01 2.82625497e-01 3.48501721e-01 5.42392076e-02\n",
      "  1.63781489e-01 3.73039900e-01]\n",
      " [2.32483972e-01 1.25613429e-01 9.38836291e-02 5.01764852e-02\n",
      "  1.86719307e-01 2.69011777e-01 1.55011430e-01 8.32722557e-03\n",
      "  3.35717889e-01 1.96051785e-01 6.29594918e-03 2.48825064e-01\n",
      "  9.71742012e-02 1.13940023e-01 1.90074412e-01 2.87104796e-02\n",
      "  2.34355834e-01 1.61657166e-01 2.70120220e-01 1.00000000e+00\n",
      "  4.70939881e-03 9.80389529e-02 2.40977346e-01 2.23355427e-01\n",
      "  8.41944713e-02 1.19299940e-01 8.92328662e-02 2.10811397e-01\n",
      "  1.39852123e-01 1.61912744e-01]\n",
      " [4.09260731e-02 2.89995567e-01 1.54060385e-01 3.06577868e-01\n",
      "  2.16973906e-01 2.32180732e-01 1.69001480e-01 3.01036623e-01\n",
      "  0.00000000e+00 1.83297234e-02 3.73433861e-01 7.12505204e-02\n",
      "  2.94656468e-01 2.53512331e-01 3.19526546e-01 1.23664884e-01\n",
      "  5.35940829e-02 6.88241926e-02 9.14132948e-02 4.70939881e-03\n",
      "  1.00000000e+00 2.56994289e-01 9.79747546e-02 1.17318268e-01\n",
      "  1.92184203e-01 9.58932100e-02 2.18491097e-01 1.30654278e-01\n",
      "  2.57085118e-01 7.11996806e-02]\n",
      " [1.45416937e-01 4.62692929e-01 2.61531413e-01 2.84580629e-01\n",
      "  1.80139774e-01 3.62535336e-01 2.04692646e-01 2.75159923e-01\n",
      "  1.49055197e-01 5.93960913e-02 1.88657929e-01 1.46775238e-01\n",
      "  4.46229092e-01 1.37812377e-01 1.77393754e-01 1.44749497e-01\n",
      "  1.50604272e-01 1.51758316e-01 1.91447482e-01 9.80389529e-02\n",
      "  2.56994289e-01 1.00000000e+00 3.97076008e-01 2.61134778e-01\n",
      "  4.88390259e-01 1.89285389e-01 1.89504749e-01 1.73693218e-01\n",
      "  2.50293222e-01 2.07303052e-01]\n",
      " [4.72619686e-01 4.18142456e-01 4.08946576e-01 2.48233780e-01\n",
      "  3.56822045e-02 2.37979426e-01 1.39355092e-01 2.87215598e-01\n",
      "  4.53235896e-01 2.05082284e-01 1.32902473e-02 5.01368447e-01\n",
      "  3.71732069e-01 2.47834727e-02 1.56654718e-01 2.43988429e-02\n",
      "  5.10890234e-01 4.22873622e-01 3.17435405e-01 2.40977346e-01\n",
      "  9.79747546e-02 3.97076008e-01 1.00000000e+00 4.79479297e-01\n",
      "  3.60683112e-01 1.57758600e-01 1.92242000e-01 2.25213443e-01\n",
      "  3.07447939e-01 2.88940201e-01]\n",
      " [4.66398451e-01 4.41639286e-01 5.70419958e-01 3.79474780e-01\n",
      "  1.31403501e-01 3.06199521e-01 3.44752502e-01 2.13566109e-01\n",
      "  1.86523737e-01 4.78294441e-01 1.00422450e-01 6.07687561e-01\n",
      "  3.96599897e-01 1.23892954e-01 2.70622163e-01 1.61261517e-01\n",
      "  3.73747755e-01 6.34531425e-01 5.45424437e-01 2.23355427e-01\n",
      "  1.17318268e-01 2.61134778e-01 4.79479297e-01 1.00000000e+00\n",
      "  3.99682101e-01 5.05577626e-01 1.93752644e-01 7.86232415e-02\n",
      "  1.20745329e-01 6.85998435e-01]\n",
      " [2.45247602e-01 5.14018729e-01 3.12235236e-01 2.35563361e-01\n",
      "  1.11372529e-02 2.27766784e-01 1.36901252e-01 2.78538803e-01\n",
      "  1.33011439e-01 1.06607324e-01 8.46800539e-02 2.95842995e-01\n",
      "  3.55507479e-01 7.72722696e-03 7.39872987e-02 1.28774611e-01\n",
      "  2.17895174e-01 2.30233254e-01 3.12512092e-01 8.41944713e-02\n",
      "  1.92184203e-01 4.88390259e-01 3.60683112e-01 3.99682101e-01\n",
      "  1.00000000e+00 1.89586412e-01 1.17252741e-01 1.37434875e-01\n",
      "  1.81761726e-01 2.66190069e-01]\n",
      " [1.65249022e-01 2.53331234e-01 2.93214903e-01 2.58813905e-01\n",
      "  1.31526239e-01 2.88152651e-01 3.12975171e-01 1.25834305e-01\n",
      "  1.37913428e-01 4.27357468e-01 1.81944177e-01 2.88714743e-01\n",
      "  1.75999860e-01 1.21225147e-01 2.27700488e-01 1.86450233e-01\n",
      "  1.64563568e-01 4.33841782e-01 2.82625497e-01 1.19299940e-01\n",
      "  9.58932100e-02 1.89285389e-01 1.57758600e-01 5.05577626e-01\n",
      "  1.89586412e-01 1.00000000e+00 1.07521238e-01 0.00000000e+00\n",
      "  1.25833995e-02 5.66006716e-01]\n",
      " [1.56226521e-01 2.38477980e-01 1.97846229e-01 2.30941256e-01\n",
      "  3.13204029e-01 2.47737018e-01 2.65950467e-01 1.99625527e-01\n",
      "  0.00000000e+00 2.69978515e-01 1.07428746e-01 1.64658978e-01\n",
      "  3.33904362e-01 2.88783330e-01 3.01184862e-01 1.87542356e-01\n",
      "  1.14341336e-01 3.04507913e-01 3.48501721e-01 8.92328662e-02\n",
      "  2.18491097e-01 1.89504749e-01 1.92242000e-01 1.93752644e-01\n",
      "  1.17252741e-01 1.07521238e-01 1.00000000e+00 8.53913224e-02\n",
      "  2.89581292e-01 1.09731945e-01]\n",
      " [2.52548861e-01 7.19117767e-02 6.58049067e-02 7.55529582e-02\n",
      "  1.34132843e-01 2.42303603e-01 1.94438881e-01 0.00000000e+00\n",
      "  2.47197513e-01 0.00000000e+00 1.07804600e-01 1.91468388e-01\n",
      "  1.84024510e-01 1.15865996e-01 8.84665327e-02 0.00000000e+00\n",
      "  2.17155933e-01 5.66612842e-04 5.42392076e-02 2.10811397e-01\n",
      "  1.30654278e-01 1.73693218e-01 2.25213443e-01 7.86232415e-02\n",
      "  1.37434875e-01 0.00000000e+00 8.53913224e-02 1.00000000e+00\n",
      "  3.12376091e-01 2.98866163e-02]\n",
      " [3.41248785e-01 2.20781627e-01 2.28705880e-01 2.12620878e-01\n",
      "  1.91012675e-01 3.34951256e-01 1.43790044e-01 1.79688758e-01\n",
      "  1.68336665e-01 6.47520451e-02 1.41250658e-01 2.86516373e-01\n",
      "  3.37294304e-01 1.66083085e-01 2.67899770e-01 0.00000000e+00\n",
      "  2.76152880e-01 9.32615285e-02 1.63781489e-01 1.39852123e-01\n",
      "  2.57085118e-01 2.50293222e-01 3.07447939e-01 1.20745329e-01\n",
      "  1.81761726e-01 1.25833995e-02 2.89581292e-01 3.12376091e-01\n",
      "  1.00000000e+00 2.42101295e-03]\n",
      " [2.53015135e-01 3.52898282e-01 3.37055302e-01 3.25053954e-01\n",
      "  1.31370584e-01 2.40767791e-01 3.44832225e-01 1.00614224e-01\n",
      "  1.48723610e-01 4.21406576e-01 1.07925531e-01 4.62701854e-01\n",
      "  2.52230759e-01 1.17187566e-01 1.93594839e-01 1.66563470e-01\n",
      "  2.03803640e-01 5.13623918e-01 3.73039900e-01 1.61912744e-01\n",
      "  7.11996806e-02 2.07303052e-01 2.88940201e-01 6.85998435e-01\n",
      "  2.66190069e-01 5.66006716e-01 1.09731945e-01 2.98866163e-02\n",
      "  2.42101295e-03 1.00000000e+00]]\n"
     ]
    },
    {
     "data": {
