{
 "cells": [
  {
   "cell_type": "code",
   "execution_count": 23,
   "metadata": {},
   "outputs": [
    {
     "name": "stdout",
     "output_type": "stream",
     "text": [
      "interClusLib Path: /Users/jiashuchen/Desktop/InterClusLib/examples/../interClusLib/__init__.py\n",
      "\n",
      " Random Interval Data:\n",
      "    feature_1_lower  feature_1_upper  feature_2_lower  feature_2_upper  \\\n",
      "0          3.633771        91.572487         6.104954        81.814715   \n",
      "1         72.900683        80.625858         1.688880        30.409895   \n",
      "2          9.183552        57.623434        31.879140        75.938023   \n",
      "3         46.926352        91.413752        40.532756        85.394983   \n",
      "4         11.670118        28.733445        12.352786        46.028336   \n",
      "5         64.014921        98.378123         2.831427        32.270974   \n",
      "6         16.958815        53.541095         2.833982        90.964093   \n",
      "7         13.419557        39.170968        72.733541        72.976214   \n",
      "8         30.352364        91.414554         1.271566        78.274525   \n",
      "9         54.905364        56.141384        61.055842        73.428635   \n",
      "10        44.876372        87.670980        52.724376        98.806237   \n",
      "11         6.536876        78.945895        13.486603        24.321989   \n",
      "12        45.578491        87.128575        13.433284        39.645489   \n",
      "13        66.968582        74.378988        29.271809        75.844187   \n",
      "14        44.459146        82.808982         0.446388        32.259290   \n",
      "15        15.008993        26.908225        66.726634        72.013527   \n",
      "16        12.237316        67.232039        63.838467        99.455508   \n",
      "17        22.542506        54.552081        42.263152        89.239161   \n",
      "18         7.164209        11.335715        13.631717        14.890137   \n",
      "19        46.800174        68.567914         6.575847        39.733875   \n",
      "20        15.235669        22.721055        82.652013        82.663327   \n",
      "21         9.727972        24.703438         3.974770        69.713284   \n",
      "22        25.256616        72.963201        81.416716        88.587576   \n",
      "23        43.211763        49.442960        67.729896        82.052677   \n",
      "24        60.345798        83.815659        63.014606        98.445089   \n",
      "25        52.282579        72.956789        10.980274        86.726067   \n",
      "26        31.070506        73.270898        33.757867        76.764961   \n",
      "27        17.873772        88.128092        40.981060        58.004031   \n",
      "28        20.138450        80.401683        26.052381        96.652599   \n",
      "29         0.603529        68.227470        28.021298        98.856158   \n",
      "\n",
      "    feature_3_lower  feature_3_upper  \n",
      "0         50.239674        58.769458  \n",
      "1         74.594617        90.977441  \n",
      "2         23.091199        30.961947  \n",
      "3         13.613603        26.121257  \n",
      "4         57.352254        95.018021  \n",
      "5          4.980413        90.767224  \n",
      "6         51.764209        53.374437  \n",
      "7         16.781636        74.603024  \n",
      "8         36.892429        89.909559  \n",
      "9         43.738073        63.666870  \n",
      "10        19.195730        77.350682  \n",
      "11        26.808107        61.097086  \n",
      "12        41.155536        99.820453  \n",
      "13        46.952760        61.141623  \n",
      "14        12.392463        40.299235  \n",
      "15        26.410603        53.134263  \n",
      "16        35.579871        87.527312  \n",
      "17        21.536307        73.062378  \n",
      "18        37.415358        41.857409  \n",
      "19        76.760741        95.736418  \n",
      "20        12.454612        40.730099  \n",
      "21        29.206281        86.129488  \n",
      "22        52.239577        59.741255  \n",
      "23        11.442938        71.335900  \n",
      "24        53.359584        87.947801  \n",
      "25        25.513262        78.974404  \n",
      "26        40.796078        67.604433  \n",
      "27        19.634083        93.201602  \n",
      "28         4.304254        35.986905  \n",
      "29        18.577475        84.094276  \n",
      "Data Summary:\n",
      "       feature_1_lower  feature_1_upper  feature_2_lower  feature_2_upper  \\\n",
      "count        30.000000        30.000000        30.000000        30.000000   \n",
      "mean         30.396161        65.492525        32.475468        69.739185   \n",
      "std          21.295902        24.029514        27.055296        25.235331   \n",
      "min           0.603529        11.335715         0.446388        14.890137   \n",
      "25%          12.532876        53.793842         7.676954        49.022260   \n",
      "50%          23.899561        72.959995        28.646553        76.351492   \n",
      "75%          46.494753        83.563990        58.972976        88.122199   \n",
      "max          72.900683        98.378123        82.652013        99.455508   \n",
      "\n",
      "       feature_3_lower  feature_3_upper  \n",
      "count        30.000000        30.000000  \n",
      "mean         32.826124        69.031409  \n",
      "std          19.179475        21.450310  \n",
      "min           4.304254        26.121257  \n",
      "25%          18.732039        54.723192  \n",
      "50%          28.007194        72.199139  \n",
      "75%          46.149088        87.842679  \n",
      "max          76.760741        99.820453  \n",
      "\n",
      "Detected interval columns:\n",
      "- feature_1_lower / feature_1_upper\n",
      "- feature_2_lower / feature_2_upper\n",
      "- feature_3_lower / feature_3_upper\n"
     ]
    }
   ],
   "source": [
    "import numpy as np\n",
    "import pandas as pd\n",
    "import sys\n",
    "import os\n",
    "import matplotlib.pyplot as plt\n",
    "import matplotlib.patches as patches\n",
    "from mpl_toolkits.mplot3d.art3d import Poly3DCollection\n",
    "\n",
    "# 获取当前目录\n",
    "current_dir = os.getcwd()  \n",
    "\n",
    "# 添加 `interClusLib` 的上级目录到 Python 路径\n",
    "sys.path.append(os.path.join(current_dir, \"..\"))\n",
    "\n",
    "import interClusLib\n",
    "from interClusLib.data_structure import IntervalData\n",
    "from interClusLib.similarity_distance import IntervalMetrics\n",
    "from interClusLib.interval_clustering import IntervalKMeans\n",
    "from interClusLib.visualization import ClusteringVisualization\n",
    "\n",
    "print(\"interClusLib Path:\", interClusLib.__file__)\n",
    "\n",
    "random_data = IntervalData.random_data(30, 3)\n",
    "print(\"\\n Random Interval Data:\")\n",
    "print(random_data.data)\n",
    "random_data.summary()"
   ]
  },
  {
   "cell_type": "code",
   "execution_count": 24,
   "metadata": {},
   "outputs": [
    {
     "name": "stdout",
     "output_type": "stream",
     "text": [
      "<class 'interClusLib.data_structure.IntervalData'>\n",
      "<class 'pandas.core.frame.DataFrame'>\n",
      "(30, 6)\n"
     ]
    }
   ],
   "source": [
    "print(type(random_data))      \n",
    "print(type(random_data.data))  \n",
    "print(random_data.data.shape)  "
   ]
  },
  {
   "cell_type": "code",
   "execution_count": 25,
   "metadata": {},
   "outputs": [
    {
     "name": "stdout",
     "output_type": "stream",
     "text": [
      "[[ 0.         30.27512208 19.11320415 25.0958206  23.66442743 27.54388583\n",
      "   8.76263187 25.41469061 11.03871203 18.7873471  22.64958168 15.59181424\n",
      "  20.8608235  14.96476337 25.39279994 25.79170147 21.41210145 18.2177363\n",
      "  29.48295241 24.7892117  33.67858745 18.07678235 17.77986145 23.79819439\n",
      "  27.09171789 13.86031558 10.75554077 13.92470857 20.00132714 16.1658741 ]\n",
      " [30.27512208  0.         45.65947594 40.94008213 26.10794794 15.0967188\n",
      "  34.19322388 48.12239906 21.53050334 33.8387683  36.0802994  26.25139313\n",
      "  13.62354525 23.77897788 23.86188206 50.71298365 41.28621001 41.13481096\n",
      "  39.47427785  9.88241666 60.19562159 35.15344979 41.13391121 43.55813908\n",
      "  27.69674652 25.82985548 30.79678949 29.47896015 44.81225198 40.39575486]\n",
      " [19.11320415 45.65947594  0.         17.32699657 29.44052674 38.01768289\n",
      "  14.65098688 17.1579906  26.38605807 21.37505189 25.9737583  20.8638466\n",
      "  34.5935521  21.88049805 24.37856063 15.17573718 22.86553615 13.19075573\n",
      "  25.47033224 38.08542603 17.17285716 21.38862154 25.25460744 19.39459557\n",
      "  36.37520688 21.62762776 15.76457436 19.89475426 12.20577793 14.44241654]\n",
      " [25.0958206  40.94008213 17.32699657  0.         46.35309567 29.92070734\n",
      "  28.49045924 28.26669419 25.00379392 20.5775897  14.70119654 31.52446906\n",
      "  29.95385578 18.20224927 19.74533597 27.07112855 29.93488489 20.28065286\n",
      "  42.79732882 39.22538886 26.18524671 38.62488148 26.07380225 19.68286078\n",
      "  25.08732123 18.79370846 19.67821036 22.13833641 10.35766589 24.31786199]\n",
      " [23.66442743 26.10794794 29.44052674 46.35309567  0.         33.64847349\n",
      "  20.37728884 26.7502016  23.19630546 31.95197876 40.18619064 22.7306465\n",
      "  19.14717781 31.99246207 35.36976437 26.0872206  28.87362272 27.93063438\n",
      "  21.02322434 17.86046804 35.35536218 11.11526789 34.97147785 35.54067468\n",
      "  36.31655975 28.90269092 26.6748853  24.28947653 39.42325737 26.28148037]\n",
      " [27.54388583 15.0967188  38.01768289 29.92070734 33.64847349  0.\n",
      "  32.89543424 39.42901221 19.75694875 31.58100542 26.74820358 19.53926453\n",
      "  15.48178406 22.66417943 14.66493794 43.62442447 40.28578685 33.23386918\n",
      "  35.03062863 22.49696662 50.78106404 31.7955259  41.05571376 33.97496923\n",
      "  32.16134212 20.04841104 28.21462185 22.89365311 34.15199452 33.1556936 ]\n",
      " [ 8.76263187 34.19322388 14.65098688 28.49045924 20.37728884 32.89543424\n",
      "   0.         20.46525281 17.00901916 18.17685535 25.39140995 19.50050111\n",
      "  26.66196262 17.50877877 28.38459403 19.67818754 19.55661975 12.70862498\n",
      "  25.65663691 27.24281811 27.38585874 15.01239334 18.85747107 21.9116889\n",
      "  29.58198431 14.85611633 13.16589587 18.91269943 20.63243586 13.77023331]\n",
      " [25.41469061 48.12239906 17.1579906  28.26669419 26.7502016  39.42901221\n",
      "  20.46525281  0.         29.34261611 16.18172645 18.49143369 26.86367126\n",
      "  37.05647523 27.06498333 37.72910703  6.78351624 14.37714816  9.95485362\n",
      "  30.67068596 40.54834916 12.37590793 19.02198741 17.56362837  9.62441388\n",
      "  27.82708884 24.58418581 19.12349913 20.26450476 24.28737818 14.17597272]\n",
      " [11.03871203 21.53050334 26.38605807 25.00379392 23.19630546 19.75694875\n",
      "  17.00901916 29.34261611  0.         20.21668923 19.46068429 21.52224656\n",
      "  11.33819408 15.56406603 22.50958082 32.09364859 21.62337515 21.47197609\n",
      "  35.78392212 17.84707706 40.53278673 17.89382797 24.02893441 26.03853739\n",
      "  21.39569892 10.40079781 12.15584718 12.12214911 25.14941711 20.73291999]\n",
      " [18.7873471  33.8387683  21.37505189 20.5775897  31.95197876 31.58100542\n",
      "  18.17685535 16.18172645 20.21668923  0.         13.57492363 27.42402071\n",
      "  24.75774619 10.88325688 30.52660705 17.11006672 15.88966455 12.49110297\n",
      "  37.77360407 27.61558341 26.35685329 26.64572992 12.2783445  10.99754243\n",
      "  15.66539475 14.18596403  9.17839937 17.01095189 22.81402665 18.74949626]\n",
      " [22.64958168 36.0802994  25.9737583  14.70119654 40.18619064 26.74820358\n",
      "  25.39140995 18.49143369 19.46068429 13.57492363  0.         29.50669977\n",
      "  23.93058946 16.0439763  27.99314536 23.60654396 15.23368835 13.29489474\n",
      "  45.42490999 33.37911753 27.97999426 32.45797646 16.01062041 11.73562691\n",
      "  11.75343831 12.74661946 15.13568016 15.97289942 19.51468405 15.86050417]\n",
      " [15.59181424 26.25139313 20.8638466  31.52446906 22.7306465  19.53926453\n",
      "  19.50050111 26.86367126 21.52224656 27.42402071 29.50669977  0.\n",
      "  19.26976515 24.6547166  15.00651124 26.88826112 28.7335382  21.67547119\n",
      "  16.04695137 23.3778583  36.40867844 21.17738809 29.39115169 27.33567282\n",
      "  39.28866373 21.00451655 19.62386393 18.96668467 24.59463076 21.45297096]\n",
      " [20.8608235  13.62354525 34.5935521  29.95385578 19.14717781 15.48178406\n",
      "  26.66196262 37.05647523 11.33819408 24.75774619 23.93058946 19.26976515\n",
      "   0.         18.6843572  19.01605391 39.64705982 30.22028618 30.06888713\n",
      "  33.44428587 10.17055051 49.12969776 25.66394505 31.91532751 32.49221525\n",
      "  22.55871294 16.29011462 19.73086565 16.95855668 33.74632815 29.32983102]\n",
      " [14.96476337 23.77897788 21.88049805 18.20224927 31.99246207 22.66417943\n",
      "  17.50877877 27.06498333 15.56406603 10.88325688 16.0439763  24.6547166\n",
      "  18.6843572   0.         25.05373963 27.57244911 24.40698042 19.34262549\n",
      "  38.04390053 24.86475526 36.41664371 27.22199431 18.88381111 21.47820735\n",
      "  16.49889556  9.30653907  8.14596781 16.49915748 22.57362797 20.65063764]\n",
      " [25.39279994 23.86188206 24.37856063 19.74533597 35.36976437 14.66493794\n",
      "  28.38459403 37.72910703 22.50958082 30.52660705 27.99314536 15.00651124\n",
      "  19.01605391 25.05373963  0.         36.3730935  41.46709254 31.81286051\n",
      "  25.45307102 24.60842876 37.06901324 32.74386092 37.60600989 30.45449408\n",
      "  39.04383889 21.10813741 26.07544764 25.5014623  21.52130601 33.76482661]\n",
      " [25.79170147 50.71298365 15.17573718 27.07112855 26.0872206  43.62442447\n",
      "  19.67818754  6.78351624 32.09364859 17.11006672 23.60654396 26.88826112\n",
      "  39.64705982 27.57244911 36.3730935   0.         18.55468564 13.26149442\n",
      "  24.15207575 43.13893375  9.52041731 18.05480299 20.0004495  13.3302592\n",
      "  31.73972029 27.48477512 20.70809984 23.98450932 23.09181253 18.49743248]\n",
      " [21.41210145 41.28621001 22.86553615 29.93488489 28.87362272 40.28578685\n",
      "  19.55661975 14.37714816 21.62337515 15.88966455 15.23368835 28.7335382\n",
      "  30.22028618 24.40698042 41.46709254 18.55468564  0.         12.16335299\n",
      "  40.2352425  33.71216011 22.20783392 23.73587992 10.68579472 14.78427058\n",
      "  14.12109705 21.6628605  16.26101261 17.79786356 24.07929954 11.41428969]\n",
      " [18.2177363  41.13481096 13.19075573 20.28065286 27.93063438 33.23386918\n",
      "  12.70862498  9.95485362 21.47197609 12.49110297 13.29489474 21.67547119\n",
      "  30.06888713 19.34262549 31.81286051 13.26149442 12.16335299  0.\n",
      "  32.13001525 33.56076105 20.15678302 20.20242019 15.16367729  9.65930788\n",
      "  23.95549205 15.30495548 11.24767895 14.37207637 16.06131643  7.86878823]\n",
      " [29.48295241 39.47427785 25.47033224 42.79732882 21.02322434 35.03062863\n",
      "  25.65663691 30.67068596 35.78392212 37.77360407 45.42490999 16.04695137\n",
      "  33.44428587 38.04390053 25.45307102 24.15207575 40.2352425  32.13001525\n",
      "   0.         35.82271552 30.38972378 19.17111875 42.31839937 37.48233495\n",
      "  53.43899881 35.94872811 32.8283663  34.8848949  35.86749051 32.91403729]\n",
      " [24.7892117   9.88241666 38.08542603 39.22538886 17.86046804 22.49696662\n",
      "  27.24281811 40.54834916 17.84707706 27.61558341 33.37911753 23.3778583\n",
      "  10.17055051 24.86475526 24.60842876 43.13893375 33.71216011 33.56076105\n",
      "  35.82271552  0.         52.62157169 28.01291274 34.29240923 35.98408918\n",
      "  29.18885294 21.54623218 24.00657035 23.54387407 39.210497   32.82170495]\n",
      " [33.67858745 60.19562159 17.17285716 26.18524671 35.35536218 50.78106404\n",
      "  27.38585874 12.37590793 40.53278673 26.35685329 27.97999426 36.40867844\n",
      "  49.12969776 36.41664371 37.06901324  9.52041731 22.20783392 20.15678302\n",
      "  30.38972378 52.62157169  0.         26.54767368 20.83057715 16.80609481\n",
      "  35.66080237 35.04288949 29.39883211 32.33772729 22.01276553 24.9373618 ]\n",
      " [18.07678235 35.15344979 21.38862154 38.62488148 11.11526789 31.7955259\n",
      "  15.01239334 19.02198741 17.89382797 26.64572992 32.45797646 21.17738809\n",
      "  25.66394505 27.22199431 32.74386092 18.05480299 23.73587992 20.20242019\n",
      "  19.17111875 28.01291274 26.54767368  0.         31.08214633 27.81246049\n",
      "  37.24555065 20.9457248  20.87830387 19.69149027 31.69504318 18.22957517]\n",
      " [17.77986145 41.13391121 25.25460744 26.07380225 34.97147785 41.05571376\n",
      "  18.85747107 17.56362837 24.02893441 12.2783445  16.01062041 29.39115169\n",
      "  31.91532751 18.88381111 37.60600989 20.0004495  10.68579472 15.16367729\n",
      "  42.31839937 34.29240923 20.83057715 31.08214633  0.         14.08976646\n",
      "  15.61171715 21.00837145 12.84109191 19.94073993 22.41541497 19.40772299]\n",
      " [23.79819439 43.55813908 19.39459557 19.68286078 35.54067468 33.97496923\n",
      "  21.9116889   9.62441388 26.03853739 10.99754243 11.73562691 27.33567282\n",
      "  32.49221525 21.47820735 30.45449408 13.3302592  14.78427058  9.65930788\n",
      "  37.48233495 35.98408918 16.80609481 27.81246049 14.08976646  0.\n",
      "  21.07128206 18.50718203 15.40680369 19.92324336 19.18731955 17.03495746]\n",
      " [27.09171789 27.69674652 36.37520688 25.08732123 36.31655975 32.16134212\n",
      "  29.58198431 27.82708884 21.39569892 15.66539475 11.75343831 39.28866373\n",
      "  22.55871294 16.49889556 39.04383889 31.73972029 14.12109705 23.95549205\n",
      "  53.43899881 29.18885294 35.66080237 37.24555065 15.61171715 21.07128206\n",
      "   0.         19.91586043 20.61063252 23.11202214 30.56537758 24.82656664]\n",
      " [13.86031558 25.82985548 21.62762776 18.79370846 28.90269092 20.04841104\n",
      "  14.85611633 24.58418581 10.40079781 14.18596403 12.74661946 21.00451655\n",
      "  16.29011462  9.30653907 21.10813741 27.48477512 21.6628605  15.30495548\n",
      "  35.94872811 21.54623218 35.04288949 20.9457248  21.00837145 18.50718203\n",
      "  19.91586043  0.          9.87874682 13.10613165 20.22321222 15.41921139]\n",
      " [10.75554077 30.79678949 15.76457436 19.67821036 26.6748853  28.21462185\n",
      "  13.16589587 19.12349913 12.15584718  9.17839937 15.13568016 19.62386393\n",
      "  19.73086565  8.14596781 26.07544764 20.70809984 16.26101261 11.24767895\n",
      "  32.8283663  24.00657035 29.39883211 20.87830387 12.84109191 15.40680369\n",
      "  20.61063252  9.87874682  0.          9.86921547 16.48817428 13.30336745]\n",
      " [13.92470857 29.47896015 19.89475426 22.13833641 24.28947653 22.89365311\n",
      "  18.91269943 20.26450476 12.12214911 17.01095189 15.97289942 18.96668467\n",
      "  16.95855668 16.49915748 25.5014623  23.98450932 17.79786356 14.37207637\n",
      "  34.8848949  23.54387407 32.33772729 19.69149027 19.94073993 19.92324336\n",
      "  23.11202214 13.10613165  9.86921547  0.         19.81991709 14.69782085]\n",
      " [20.00132714 44.81225198 12.20577793 10.35766589 39.42325737 34.15199452\n",
      "  20.63243586 24.28737818 25.14941711 22.81402665 19.51468405 24.59463076\n",
      "  33.74632815 22.57362797 21.52130601 23.09181253 24.07929954 16.06131643\n",
      "  35.86749051 39.210497   22.01276553 31.69504318 22.41541497 19.18731955\n",
      "  30.56537758 20.22321222 16.48817428 19.81991709  0.         16.37703361]\n",
      " [16.1658741  40.39575486 14.44241654 24.31786199 26.28148037 33.1556936\n",
      "  13.77023331 14.17597272 20.73291999 18.74949626 15.86050417 21.45297096\n",
      "  29.32983102 20.65063764 33.76482661 18.49743248 11.41428969  7.86878823\n",
      "  32.91403729 32.82170495 24.9373618  18.22957517 19.40772299 17.03495746\n",
      "  24.82656664 15.41921139 13.30336745 14.69782085 16.37703361  0.        ]]\n"
     ]
    }
   ],
   "source": [
    "distance_matrix = IntervalMetrics.pairwise_distance(random_data.get_intervals(),\"hausdorff\",\"mean\")\n",
    "\n",
    "print(distance_matrix)"
   ]
  },
  {
   "cell_type": "code",
   "execution_count": 26,
   "metadata": {},
   "outputs": [
    {
     "name": "stdout",
     "output_type": "stream",
     "text": [
      "[3 0 3 2 0 0 3 1 0 2 2 0 0 2 0 1 3 3 1 0 1 1 2 2 2 2 3 0 3 3]\n"
     ]
    }
   ],
   "source": [
    "model = IntervalKMeans(n_clusters=4,max_iter=20,tol=1e-4,random_state=42)\n",
    "model.fit(random_data.get_intervals(),distance_func=IntervalMetrics.hausdorff_distance_md,operator=\"mean\") \n",
    "\n",
    "print(model.labels_)"
   ]
  },
  {
   "cell_type": "code",
   "execution_count": 27,
   "metadata": {},
   "outputs": [],
   "source": [
    "def plot_intervals_3D(intervals, labels=None):\n",
    "    fig= plt.figure(figsize=(8,8))\n",
    "    ax = fig.add_subplot(111,projection='3d')\n",
    "    ClusteringVisualization.draw_3d_interval_cubes(ax, intervals, labels)\n",
    "\n",
    "    xs = intervals[:, 0, :].ravel()  # x_lower, x_upper\n",
    "    ys = intervals[:, 1, :].ravel()  # y_lower, y_upper\n",
    "    zs = intervals[:, 2, :].ravel()  # z_lower, z_upper\n",
    "\n",
    "    x_min, x_max = xs.min() - 5, xs.max() + 5\n",
    "    y_min, y_max = ys.min() - 5, ys.max() + 5\n",
    "    z_min, z_max = zs.min() - 5, zs.max() + 5\n",
    "\n",
    "    ax.set_xlim(x_min, x_max)\n",
    "    ax.set_ylim(y_min, y_max)\n",
    "    ax.set_zlim(z_min, z_max)\n",
    "\n",
    "    ax.set_xlabel(\"x1\")\n",
    "    ax.set_ylabel(\"x2\")\n",
    "    ax.set_zlabel(\"x3\")\n",
    "    ax.set_title(\"3D\")\n",
    "\n",
    "    plt.show()\n",
    "\n",
    "def plot_intervals_as_squares(intervals, labels=None):\n",
    "    fig, ax = plt.subplots(figsize=(6,6))\n",
    "    ClusteringVisualization.draw_interval_squares(ax, intervals, labels)\n",
    "\n",
    "    min_val = intervals.min() - 1\n",
    "    max_val = intervals.max() + 1\n",
    "    ax.set_xlim(min_val, max_val)\n",
    "    ax.set_ylim(min_val, max_val)\n",
    "    ax.set_aspect('equal', 'box')\n",
    "    \n",
    "    ax.set_xlabel(\"Coordinate X (lower →)\")\n",
    "    ax.set_ylabel(\"Coordinate Y (lower →)\")\n",
    "    ax.set_title(\"1D Intervals as Squares\")\n",
    "    plt.show()\n",
    "\n",
    "def plot_2d_intervals(intervals, labels=None):\n",
    "    fig, ax = plt.subplots(figsize=(6, 6))\n",
    "    \n",
    "    ClusteringVisualization.draw_interval_rectangles(ax, intervals, labels=labels)\n",
    "    \n",
    "    # 根据 intervals 范围调整坐标\n",
    "    x_vals = intervals[:, 0, :].ravel()  # 所有 x_lower, x_upper\n",
    "    y_vals = intervals[:, 1, :].ravel()  # 所有 y_lower, y_upper\n",
    "    x_min, x_max = x_vals.min() - 1, x_vals.max() + 1\n",
    "    y_min, y_max = y_vals.min() - 1, y_vals.max() + 1\n",
    "    ax.set_xlim(x_min, x_max)\n",
    "    ax.set_ylim(y_min, y_max)\n",
    "    \n",
    "    # 让坐标系的 x,y 单位看起来相等\n",
    "    ax.set_aspect('equal', 'box')\n",
    "    \n",
    "    ax.set_xlabel(\"X dimension\")\n",
    "    ax.set_ylabel(\"Y dimension\")\n",
    "    ax.set_title(\"2D Interval Rectangles\")\n",
    "    plt.show()\n"
   ]
  },
  {
   "cell_type": "code",
   "execution_count": 28,
   "metadata": {},
   "outputs": [
    {
     "data": {
