{
 "cells": [
  {
   "cell_type": "code",
   "execution_count": 1,
   "metadata": {},
   "outputs": [
    {
     "name": "stdout",
     "output_type": "stream",
     "text": [
      "interClusLib Path: /Users/jiashuchen/Desktop/InterClusLib/examples/../interClusLib/__init__.py\n",
      "\n",
      " Random Interval Data:\n",
      "    feature_1_lower  feature_1_upper  feature_2_lower  feature_2_upper  \\\n",
      "0         -2.509714        -2.409714         4.860907         7.215447   \n",
      "1         -0.878199        -0.100255        -7.633062        -7.258796   \n",
      "2         -2.856550        -1.339060        -9.050459        -8.112181   \n",
      "3         -1.866458        -0.532597       -11.732818        -9.497817   \n",
      "4         -7.776030        -7.120446        -7.466280        -3.255340   \n",
      "5        -11.119522       -10.125969        -5.607328        -3.993886   \n",
      "6         -4.250034        -2.928771         5.915373         8.158179   \n",
      "7         -3.252418        -2.307398         6.339873        10.256598   \n",
      "8         -6.228124        -6.128124        -6.450035        -3.345436   \n",
      "9         -3.326644        -1.651092        -9.951100        -9.545020   \n",
      "10        -2.420380        -2.320380         6.898755        11.083787   \n",
      "11        -5.993409        -5.010359         7.753654        10.150510   \n",
      "12        -8.273242        -8.151564        -8.152292        -4.034274   \n",
      "13        -4.155966        -0.976738       -11.502854        -9.281297   \n",
      "14        -8.795869        -8.414236        -3.297797        -2.901588   \n",
      "15        -4.339447        -3.555361         8.847837         9.323131   \n",
      "16        -8.620989        -8.520989        -4.260998        -3.574864   \n",
      "17       -10.830557       -10.730557        -4.912728        -3.119697   \n",
      "18        -2.211383        -2.090668         6.923941         9.950637   \n",
      "19        -6.204146        -4.943394        -5.979836        -2.227152   \n",
      "20        -5.816525        -5.549355        -7.403393        -4.986946   \n",
      "21        -8.518926        -7.981235        -5.065979        -4.237825   \n",
      "22        -3.601142        -2.272476       -10.166221        -8.273296   \n",
      "23        -1.877035        -0.251819       -10.912855       -10.223505   \n",
      "24       -10.045188        -9.837733        -4.220317        -4.120317   \n",
      "25        -6.047046        -5.947046        -7.021624        -4.689410   \n",
      "26        -4.496501        -4.101876        -6.876972        -3.233683   \n",
      "27       -10.554016       -10.454016        -3.685035        -3.585035   \n",
      "28       -10.504286        -8.510609        -5.570362        -3.769164   \n",
      "29        -1.532370        -0.076241       -11.755677        -9.014195   \n",
      "\n",
      "    feature_3_lower  feature_3_upper  \n",
      "0         -4.700482        -2.941527  \n",
      "1          7.946838        11.128824  \n",
      "2         10.242583        10.763839  \n",
      "3          9.052563        10.560963  \n",
      "4          4.914967         9.331378  \n",
      "5          0.471224         0.851230  \n",
      "6         -4.046610        -2.591712  \n",
      "7         -4.763014        -3.086594  \n",
      "8          5.742672         9.192794  \n",
      "9          9.796084        11.924298  \n",
      "10        -5.049488        -2.838790  \n",
      "11        -6.261701        -4.387593  \n",
      "12         7.444087         9.354062  \n",
      "13         8.117490         9.962848  \n",
      "14         2.669154         3.727149  \n",
      "15        -2.713495        -0.049472  \n",
      "16         2.711200         3.289050  \n",
      "17         3.718161         4.029169  \n",
      "18        -5.116569        -2.957224  \n",
      "19         4.709558        10.522737  \n",
      "20         5.616172         7.692792  \n",
      "21         3.279846         4.556019  \n",
      "22         9.578213        10.400079  \n",
      "23         9.316209        11.315743  \n",
      "24         4.023656         4.123656  \n",
      "25         5.711472        10.482981  \n",
      "26         5.338532         9.630195  \n",
      "27         3.240568         3.980566  \n",
      "28         2.517881         2.617881  \n",
      "29         8.499347         9.823048  \n",
      "Data Summary:\n",
      "       feature_1_lower  feature_1_upper  feature_2_lower  feature_2_upper  \\\n",
      "count        30.000000        30.000000        30.000000        30.000000   \n",
      "mean         -5.630071        -4.811336        -4.037856        -2.004748   \n",
      "std           3.182669         3.469831         6.531356         6.859335   \n",
      "min         -11.119522       -10.730557       -11.755677       -10.223505   \n",
      "25%          -8.457505        -8.108982        -8.022484        -6.690834   \n",
      "50%          -5.156513        -4.522635        -5.793582        -3.677099   \n",
      "75%          -2.955517        -2.136120        -3.394607        -2.395761   \n",
      "max          -0.878199        -0.076241         8.847837        11.083787   \n",
      "\n",
      "       feature_3_lower  feature_3_upper  \n",
      "count        30.000000        30.000000  \n",
      "mean          3.400237         5.346946  \n",
      "std           5.169203         5.453251  \n",
      "min          -6.261701        -4.387593  \n",
      "25%           0.982889         1.292893  \n",
      "50%           4.366607         6.124405  \n",
      "75%           7.821151        10.290771  \n",
      "max          10.242583        11.924298  \n",
      "\n",
      "Interval column pairs:\n",
      "- feature_1_lower / feature_1_upper\n",
      "- feature_2_lower / feature_2_upper\n",
      "- feature_3_lower / feature_3_upper\n",
      "\n",
      "Feature names:\n",
      "- feature_1\n",
      "- feature_2\n",
      "- feature_3\n",
      "\n",
      "All columns:\n",
      "['feature_1_lower', 'feature_1_upper', 'feature_2_lower', 'feature_2_upper', 'feature_3_lower', 'feature_3_upper']\n",
      "\n",
      "Has missing values:\n",
      "False\n"
     ]
    }
   ],
   "source": [
    "import numpy as np\n",
    "import pandas as pd\n",
    "import sys\n",
    "import os\n",
    "import matplotlib.pyplot as plt\n",
    "import matplotlib.patches as patches\n",
    "from mpl_toolkits.mplot3d.art3d import Poly3DCollection\n",
    "\n",
    "# 获取当前目录\n",
    "current_dir = os.getcwd()\n",
    "\n",
    "# 添加 `interClusLib` 的上级目录到 Python 路径\n",
    "sys.path.append(os.path.join(current_dir, \"..\"))\n",
    "\n",
    "import interClusLib\n",
    "from interClusLib.IntervalData import IntervalData\n",
    "from interClusLib.metric import *\n",
    "from interClusLib.clustering import IntervalKMeans, IntervalAgglomerativeClustering\n",
    "from interClusLib.visualization.HeatMap import HeatMap\n",
    "from interClusLib.visualization import Interval2d, Interval3d ,IntervalParallelCoordinates ,IntervalRadarChart, Dendrogram\n",
    "\n",
    "print(\"interClusLib Path:\", interClusLib.__file__)\n",
    "\n",
    "random_data = IntervalData.make_interval_blobs(n_samples=30, n_clusters=4, n_dims = 3)\n",
    "print(\"\\n Random Interval Data:\")\n",
    "print(random_data.data)\n",
    "random_data.summary()"
   ]
  },
  {
   "cell_type": "code",
   "execution_count": 2,
   "metadata": {},
   "outputs": [
    {
     "name": "stdout",
     "output_type": "stream",
     "text": [
      "<class 'interClusLib.IntervalData.IntervalData'>\n",
      "<class 'pandas.core.frame.DataFrame'>\n",
      "(30, 6)\n",
      "30\n"
     ]
    }
   ],
   "source": [
    "print(type(random_data))      \n",
    "print(type(random_data.data))  \n",
    "print(random_data.data.shape)  \n",
    "print(random_data.get_intervals().shape[0])"
   ]
  },
  {
   "cell_type": "code",
   "execution_count": 3,
   "metadata": {},
   "outputs": [
    {
     "name": "stdout",
     "output_type": "stream",
     "text": [
      "30\n",
      "[[1.00000000e+00 0.00000000e+00 2.19660929e-02 0.00000000e+00\n",
      "  0.00000000e+00 0.00000000e+00 3.06109842e-01 3.84706115e-01\n",
      "  0.00000000e+00 1.98939365e-02 3.00959719e-01 3.14128651e-02\n",
      "  0.00000000e+00 1.04847267e-02 0.00000000e+00 0.00000000e+00\n",
      "  0.00000000e+00 0.00000000e+00 2.86251781e-01 0.00000000e+00\n",
      "  0.00000000e+00 0.00000000e+00 2.50878238e-02 0.00000000e+00\n",
      "  0.00000000e+00 0.00000000e+00 0.00000000e+00 0.00000000e+00\n",
      "  0.00000000e+00 0.00000000e+00]\n",
      " [0.00000000e+00 1.00000000e+00 5.46049084e-02 2.23239614e-01\n",
      "  9.00700441e-02 0.00000000e+00 0.00000000e+00 0.00000000e+00\n",
      "  7.71085546e-02 1.11691075e-01 0.00000000e+00 0.00000000e+00\n",
      "  1.57597018e-01 1.93313011e-01 0.00000000e+00 0.00000000e+00\n",
      "  0.00000000e+00 0.00000000e+00 0.00000000e+00 1.33758723e-01\n",
      "  1.82148844e-02 0.00000000e+00 8.60956824e-02 2.96859714e-01\n",
      "  0.00000000e+00 1.56050579e-01 9.69068257e-02 0.00000000e+00\n",
      "  0.00000000e+00 3.16750970e-01]\n",
      " [2.19660929e-02 5.46049084e-02 1.00000000e+00 1.37662864e-01\n",
      "  0.00000000e+00 0.00000000e+00 0.00000000e+00 9.56698887e-02\n",
      "  0.00000000e+00 2.83806781e-01 2.19660929e-02 0.00000000e+00\n",
      "  2.66540574e-03 1.59104714e-01 0.00000000e+00 0.00000000e+00\n",
      "  0.00000000e+00 0.00000000e+00 2.65163557e-02 1.54245834e-02\n",
      "  0.00000000e+00 0.00000000e+00 2.56466038e-01 1.55742248e-01\n",
      "  0.00000000e+00 1.58604559e-02 0.00000000e+00 0.00000000e+00\n",
      "  0.00000000e+00 2.64938408e-02]\n",
      " [0.00000000e+00 2.23239614e-01 1.37662864e-01 1.00000000e+00\n",
      "  1.64609643e-02 0.00000000e+00 0.00000000e+00 0.00000000e+00\n",
      "  9.70130128e-03 1.75039464e-01 0.00000000e+00 0.00000000e+00\n",
      "  3.22438072e-02 4.78654117e-01 0.00000000e+00 0.00000000e+00\n",
      "  0.00000000e+00 0.00000000e+00 0.00000000e+00 8.37505045e-02\n",
      "  0.00000000e+00 0.00000000e+00 2.46021994e-01 5.59721430e-01\n",
      "  0.00000000e+00 9.83208775e-02 3.68686749e-02 0.00000000e+00\n",
      "  0.00000000e+00 5.82482041e-01]\n",
      " [0.00000000e+00 9.00700441e-02 0.00000000e+00 1.64609643e-02\n",
      "  1.00000000e+00 1.27718257e-01 0.00000000e+00 0.00000000e+00\n",
      "  5.06158319e-01 0.00000000e+00 0.00000000e+00 0.00000000e+00\n",
      "  3.75332498e-01 8.01582760e-02 3.10042043e-03 0.00000000e+00\n",
      "  5.43135458e-02 1.27102768e-01 0.00000000e+00 4.26584128e-01\n",
      "  3.48018297e-01 6.55557636e-02 0.00000000e+00 7.89951617e-04\n",
      "  7.91588912e-03 4.01323816e-01 5.67483626e-01 7.91588912e-03\n",
      "  1.42580831e-01 5.65075964e-02]\n",
      " [0.00000000e+00 0.00000000e+00 0.00000000e+00 0.00000000e+00\n",
      "  1.27718257e-01 1.00000000e+00 0.00000000e+00 0.00000000e+00\n",
      "  1.73231309e-01 0.00000000e+00 0.00000000e+00 0.00000000e+00\n",
      "  1.26094266e-01 0.00000000e+00 0.00000000e+00 0.00000000e+00\n",
      "  4.38075309e-02 1.56671024e-01 0.00000000e+00 1.43314498e-01\n",
      "  6.06521103e-02 1.71094735e-01 0.00000000e+00 0.00000000e+00\n",
      "  2.06597692e-02 1.01056457e-01 1.47617689e-01 3.35496098e-02\n",
      "  3.34215155e-01 0.00000000e+00]\n",
      " [3.06109842e-01 0.00000000e+00 0.00000000e+00 0.00000000e+00\n",
      "  0.00000000e+00 0.00000000e+00 1.00000000e+00 3.42528909e-01\n",
      "  0.00000000e+00 5.10301850e-02 2.45035123e-01 3.18387819e-02\n",
      "  0.00000000e+00 1.24970332e-01 0.00000000e+00 1.74302377e-01\n",
      "  0.00000000e+00 0.00000000e+00 2.45775793e-01 0.00000000e+00\n",
      "  0.00000000e+00 0.00000000e+00 1.13333560e-01 0.00000000e+00\n",
      "  0.00000000e+00 0.00000000e+00 3.15015987e-02 0.00000000e+00\n",
      "  0.00000000e+00 0.00000000e+00]\n",
      " [3.84706115e-01 0.00000000e+00 9.56698887e-02 0.00000000e+00\n",
      "  0.00000000e+00 0.00000000e+00 3.42528909e-01 1.00000000e+00\n",
      "  0.00000000e+00 1.88001680e-01 5.23986795e-01 2.43397588e-01\n",
      "  0.00000000e+00 9.90827654e-02 0.00000000e+00 4.04499508e-02\n",
      "  0.00000000e+00 0.00000000e+00 5.16372563e-01 0.00000000e+00\n",
      "  0.00000000e+00 0.00000000e+00 2.37084955e-01 0.00000000e+00\n",
      "  0.00000000e+00 0.00000000e+00 0.00000000e+00 0.00000000e+00\n",
      "  0.00000000e+00 0.00000000e+00]\n",
      " [0.00000000e+00 7.71085546e-02 0.00000000e+00 9.70130128e-03\n",
      "  5.06158319e-01 1.73231309e-01 0.00000000e+00 0.00000000e+00\n",
      "  1.00000000e+00 0.00000000e+00 0.00000000e+00 0.00000000e+00\n",
      "  3.28928501e-01 8.49335577e-02 0.00000000e+00 0.00000000e+00\n",
      "  7.36684550e-02 1.56870182e-01 0.00000000e+00 4.25504249e-01\n",
      "  3.01929635e-01 8.89168945e-02 0.00000000e+00 0.00000000e+00\n",
      "  1.07367566e-02 4.00664660e-01 5.52018217e-01 1.07367566e-02\n",
      "  1.93390238e-01 5.66489447e-02]\n",
      " [1.98939365e-02 1.11691075e-01 2.83806781e-01 1.75039464e-01\n",
      "  0.00000000e+00 0.00000000e+00 5.10301850e-02 1.88001680e-01\n",
      "  0.00000000e+00 1.00000000e+00 1.98939365e-02 0.00000000e+00\n",
      "  0.00000000e+00 2.51209442e-01 0.00000000e+00 0.00000000e+00\n",
      "  0.00000000e+00 0.00000000e+00 2.40149533e-02 3.35726145e-02\n",
      "  0.00000000e+00 0.00000000e+00 3.37519357e-01 2.18717728e-01\n",
      "  0.00000000e+00 3.68537231e-02 0.00000000e+00 0.00000000e+00\n",
      "  0.00000000e+00 5.19989231e-02]\n",
      " [3.00959719e-01 0.00000000e+00 2.19660929e-02 0.00000000e+00\n",
      "  0.00000000e+00 0.00000000e+00 2.45035123e-01 5.23986795e-01\n",
      "  0.00000000e+00 1.98939365e-02 1.00000000e+00 2.55364348e-01\n",
      "  0.00000000e+00 1.04847267e-02 0.00000000e+00 3.78566650e-02\n",
      "  0.00000000e+00 0.00000000e+00 5.47257823e-01 0.00000000e+00\n",
      "  0.00000000e+00 0.00000000e+00 2.50878238e-02 0.00000000e+00\n",
      "  0.00000000e+00 0.00000000e+00 0.00000000e+00 0.00000000e+00\n",
      "  0.00000000e+00 0.00000000e+00]\n",
      " [3.14128651e-02 0.00000000e+00 0.00000000e+00 0.00000000e+00\n",
      "  0.00000000e+00 0.00000000e+00 3.18387819e-02 2.43397588e-01\n",
      "  0.00000000e+00 0.00000000e+00 2.55364348e-01 1.00000000e+00\n",
      "  0.00000000e+00 0.00000000e+00 0.00000000e+00 6.60996517e-02\n",
      "  0.00000000e+00 0.00000000e+00 3.00502079e-01 2.59911110e-01\n",
      "  9.05922603e-02 0.00000000e+00 0.00000000e+00 0.00000000e+00\n",
      "  0.00000000e+00 1.49074655e-02 0.00000000e+00 0.00000000e+00\n",
      "  0.00000000e+00 0.00000000e+00]\n",
      " [0.00000000e+00 1.57597018e-01 2.66540574e-03 3.22438072e-02\n",
      "  3.75332498e-01 1.26094266e-01 0.00000000e+00 0.00000000e+00\n",
      "  3.28928501e-01 0.00000000e+00 0.00000000e+00 0.00000000e+00\n",
      "  1.00000000e+00 1.63648250e-01 0.00000000e+00 0.00000000e+00\n",
      "  1.65102321e-02 5.81842592e-02 0.00000000e+00 2.18972196e-01\n",
      "  2.17778213e-01 1.42467647e-01 0.00000000e+00 3.25899929e-03\n",
      "  8.09451080e-03 3.22210423e-01 3.40996944e-01 0.00000000e+00\n",
      "  1.16818196e-01 1.19760366e-01]\n",
      " [1.04847267e-02 1.93313011e-01 1.59104714e-01 4.78654117e-01\n",
      "  8.01582760e-02 0.00000000e+00 1.24970332e-01 9.90827654e-02\n",
      "  8.49335577e-02 2.51209442e-01 1.04847267e-02 0.00000000e+00\n",
      "  1.63648250e-01 1.00000000e+00 0.00000000e+00 5.95357624e-02\n",
      "  0.00000000e+00 0.00000000e+00 1.26566315e-02 1.05814597e-01\n",
      "  0.00000000e+00 0.00000000e+00 2.86812199e-01 2.47695167e-01\n",
      "  0.00000000e+00 1.28915019e-01 1.14162366e-01 0.00000000e+00\n",
      "  0.00000000e+00 5.54618870e-01]\n",
      " [0.00000000e+00 0.00000000e+00 0.00000000e+00 0.00000000e+00\n",
      "  3.10042043e-03 0.00000000e+00 0.00000000e+00 0.00000000e+00\n",
      "  0.00000000e+00 0.00000000e+00 0.00000000e+00 0.00000000e+00\n",
      "  0.00000000e+00 0.00000000e+00 1.00000000e+00 0.00000000e+00\n",
      "  2.69401916e-01 3.17219167e-02 0.00000000e+00 3.51933860e-02\n",
      "  0.00000000e+00 1.21857753e-01 0.00000000e+00 0.00000000e+00\n",
      "  0.00000000e+00 0.00000000e+00 5.37591076e-03 1.23678683e-01\n",
      "  4.54949328e-02 0.00000000e+00]\n",
      " [0.00000000e+00 0.00000000e+00 0.00000000e+00 0.00000000e+00\n",
      "  0.00000000e+00 0.00000000e+00 1.74302377e-01 4.04499508e-02\n",
      "  0.00000000e+00 0.00000000e+00 3.78566650e-02 6.60996517e-02\n",
      "  0.00000000e+00 5.95357624e-02 0.00000000e+00 1.00000000e+00\n",
      "  0.00000000e+00 0.00000000e+00 5.23446549e-02 0.00000000e+00\n",
      "  0.00000000e+00 0.00000000e+00 7.38288757e-03 0.00000000e+00\n",
      "  0.00000000e+00 0.00000000e+00 8.41429236e-02 0.00000000e+00\n",
      "  0.00000000e+00 0.00000000e+00]\n",
      " [0.00000000e+00 0.00000000e+00 0.00000000e+00 0.00000000e+00\n",
      "  5.43135458e-02 4.38075309e-02 0.00000000e+00 0.00000000e+00\n",
      "  7.36684550e-02 0.00000000e+00 0.00000000e+00 0.00000000e+00\n",
      "  1.65102321e-02 0.00000000e+00 2.69401916e-01 0.00000000e+00\n",
      "  1.00000000e+00 1.27555592e-01 0.00000000e+00 6.09460130e-02\n",
      "  0.00000000e+00 6.84334999e-03 0.00000000e+00 0.00000000e+00\n",
      "  4.85814297e-02 0.00000000e+00 6.27759909e-02 6.13128043e-02\n",
      "  9.88768028e-02 0.00000000e+00]\n",
      " [0.00000000e+00 0.00000000e+00 0.00000000e+00 0.00000000e+00\n",
      "  1.27102768e-01 1.56671024e-01 0.00000000e+00 0.00000000e+00\n",
      "  1.56870182e-01 0.00000000e+00 0.00000000e+00 0.00000000e+00\n",
      "  5.81842592e-02 0.00000000e+00 3.17219167e-02 0.00000000e+00\n",
      "  1.27555592e-01 1.00000000e+00 0.00000000e+00 1.59266540e-01\n",
      "  0.00000000e+00 1.96822932e-01 0.00000000e+00 0.00000000e+00\n",
      "  2.31218765e-02 1.90775302e-02 1.48959421e-01 1.29506355e-01\n",
      "  1.55544754e-01 0.00000000e+00]\n",
      " [2.86251781e-01 0.00000000e+00 2.65163557e-02 0.00000000e+00\n",
      "  0.00000000e+00 0.00000000e+00 2.45775793e-01 5.16372563e-01\n",
      "  0.00000000e+00 2.40149533e-02 5.47257823e-01 3.00502079e-01\n",
      "  0.00000000e+00 1.26566315e-02 0.00000000e+00 5.23446549e-02\n",
      "  0.00000000e+00 0.00000000e+00 1.00000000e+00 0.00000000e+00\n",
      "  0.00000000e+00 0.00000000e+00 0.00000000e+00 0.00000000e+00\n",
      "  0.00000000e+00 0.00000000e+00 0.00000000e+00 0.00000000e+00\n",
      "  0.00000000e+00 0.00000000e+00]\n",
      " [0.00000000e+00 1.33758723e-01 1.54245834e-02 8.37505045e-02\n",
      "  4.26584128e-01 1.43314498e-01 0.00000000e+00 0.00000000e+00\n",
      "  4.25504249e-01 3.35726145e-02 0.00000000e+00 2.59911110e-01\n",
      "  2.18972196e-01 1.05814597e-01 3.51933860e-02 0.00000000e+00\n",
      "  6.09460130e-02 1.59266540e-01 0.00000000e+00 1.00000000e+00\n",
      "  2.53652087e-01 7.35610678e-02 4.71265740e-02 6.08786917e-02\n",
      "  8.88253335e-03 3.89758408e-01 4.42952538e-01 8.88253335e-03\n",
      "  1.59992007e-01 7.59023190e-02]\n",
      " [0.00000000e+00 1.82148844e-02 0.00000000e+00 0.00000000e+00\n",
      "  3.48018297e-01 6.06521103e-02 0.00000000e+00 0.00000000e+00\n",
      "  3.01929635e-01 0.00000000e+00 0.00000000e+00 9.05922603e-02\n",
      "  2.17778213e-01 0.00000000e+00 0.00000000e+00 0.00000000e+00\n",
      "  0.00000000e+00 0.00000000e+00 0.00000000e+00 2.53652087e-01\n",
      "  1.00000000e+00 8.32206976e-03 0.00000000e+00 0.00000000e+00\n",
      "  0.00000000e+00 3.85603450e-01 3.12382734e-01 0.00000000e+00\n",
      "  5.35111483e-02 0.00000000e+00]\n",
      " [0.00000000e+00 0.00000000e+00 0.00000000e+00 0.00000000e+00\n",
      "  6.55557636e-02 1.71094735e-01 0.00000000e+00 0.00000000e+00\n",
      "  8.89168945e-02 0.00000000e+00 0.00000000e+00 0.00000000e+00\n",
      "  1.42467647e-01 0.00000000e+00 1.21857753e-01 0.00000000e+00\n",
      "  6.84334999e-03 1.96822932e-01 0.00000000e+00 7.35610678e-02\n",
      "  8.32206976e-03 1.00000000e+00 0.00000000e+00 0.00000000e+00\n",
      "  2.61197721e-02 4.50904478e-02 7.57698279e-02 1.77561416e-01\n",
      "  1.54358606e-01 0.00000000e+00]\n",
      " [2.50878238e-02 8.60956824e-02 2.56466038e-01 2.46021994e-01\n",
      "  0.00000000e+00 0.00000000e+00 1.13333560e-01 2.37084955e-01\n",
      "  0.00000000e+00 3.37519357e-01 2.50878238e-02 0.00000000e+00\n",
      "  0.00000000e+00 2.86812199e-01 0.00000000e+00 7.38288757e-03\n",
      "  0.00000000e+00 0.00000000e+00 0.00000000e+00 4.71265740e-02\n",
      "  0.00000000e+00 0.00000000e+00 1.00000000e+00 1.37009560e-01\n",
      "  0.00000000e+00 5.74147931e-02 3.42330054e-03 0.00000000e+00\n",
      "  0.00000000e+00 1.53208802e-01]\n",
      " [0.00000000e+00 2.96859714e-01 1.55742248e-01 5.59721430e-01\n",
      "  7.89951617e-04 0.00000000e+00 0.00000000e+00 0.00000000e+00\n",
      "  0.00000000e+00 2.18717728e-01 0.00000000e+00 0.00000000e+00\n",
      "  3.25899929e-03 2.47695167e-01 0.00000000e+00 0.00000000e+00\n",
      "  0.00000000e+00 0.00000000e+00 0.00000000e+00 6.08786917e-02\n",
      "  0.00000000e+00 0.00000000e+00 1.37009560e-01 1.00000000e+00\n",
      "  0.00000000e+00 6.93977839e-02 1.75101538e-02 0.00000000e+00\n",
      "  0.00000000e+00 3.80838230e-01]\n",
      " [0.00000000e+00 0.00000000e+00 0.00000000e+00 0.00000000e+00\n",
      "  7.91588912e-03 2.06597692e-02 0.00000000e+00 0.00000000e+00\n",
      "  1.07367566e-02 0.00000000e+00 0.00000000e+00 0.00000000e+00\n",
      "  8.09451080e-03 0.00000000e+00 0.00000000e+00 0.00000000e+00\n",
      "  4.85814297e-02 2.31218765e-02 0.00000000e+00 8.88253335e-03\n",
      "  0.00000000e+00 2.61197721e-02 0.00000000e+00 0.00000000e+00\n",
      "  1.00000000e+00 0.00000000e+00 9.14924217e-03 0.00000000e+00\n",
      "  5.31916490e-02 0.00000000e+00]\n",
      " [0.00000000e+00 1.56050579e-01 1.58604559e-02 9.83208775e-02\n",
      "  4.01323816e-01 1.01056457e-01 0.00000000e+00 0.00000000e+00\n",
      "  4.00664660e-01 3.68537231e-02 0.00000000e+00 1.49074655e-02\n",
      "  3.22210423e-01 1.28915019e-01 0.00000000e+00 0.00000000e+00\n",
      "  0.00000000e+00 1.90775302e-02 0.00000000e+00 3.89758408e-01\n",
      "  3.85603450e-01 4.50904478e-02 5.74147931e-02 6.93977839e-02\n",
      "  0.00000000e+00 1.00000000e+00 4.46415007e-01 0.00000000e+00\n",
      "  9.02856412e-02 9.24725813e-02]\n",
      " [0.00000000e+00 9.69068257e-02 0.00000000e+00 3.68686749e-02\n",
      "  5.67483626e-01 1.47617689e-01 3.15015987e-02 0.00000000e+00\n",
      "  5.52018217e-01 0.00000000e+00 0.00000000e+00 0.00000000e+00\n",
      "  3.40996944e-01 1.14162366e-01 5.37591076e-03 8.41429236e-02\n",
      "  6.27759909e-02 1.48959421e-01 0.00000000e+00 4.42952538e-01\n",
      "  3.12382734e-01 7.57698279e-02 3.42330054e-03 1.75101538e-02\n",
      "  9.14924217e-03 4.46415007e-01 1.00000000e+00 9.14924217e-03\n",
      "  1.64795961e-01 8.40557630e-02]\n",
      " [0.00000000e+00 0.00000000e+00 0.00000000e+00 0.00000000e+00\n",
      "  7.91588912e-03 3.35496098e-02 0.00000000e+00 0.00000000e+00\n",
      "  1.07367566e-02 0.00000000e+00 0.00000000e+00 0.00000000e+00\n",
      "  0.00000000e+00 0.00000000e+00 1.23678683e-01 0.00000000e+00\n",
      "  6.13128043e-02 1.29506355e-01 0.00000000e+00 8.88253335e-03\n",
      "  0.00000000e+00 1.77561416e-01 0.00000000e+00 0.00000000e+00\n",
      "  0.00000000e+00 0.00000000e+00 9.14924217e-03 1.00000000e+00\n",
      "  8.20033989e-03 0.00000000e+00]\n",
      " [0.00000000e+00 0.00000000e+00 0.00000000e+00 0.00000000e+00\n",
      "  1.42580831e-01 3.34215155e-01 0.00000000e+00 0.00000000e+00\n",
      "  1.93390238e-01 0.00000000e+00 0.00000000e+00 0.00000000e+00\n",
      "  1.16818196e-01 0.00000000e+00 4.54949328e-02 0.00000000e+00\n",
      "  9.88768028e-02 1.55544754e-01 0.00000000e+00 1.59992007e-01\n",
      "  5.35111483e-02 1.54358606e-01 0.00000000e+00 0.00000000e+00\n",
      "  5.31916490e-02 9.02856412e-02 1.64795961e-01 8.20033989e-03\n",
      "  1.00000000e+00 0.00000000e+00]\n",
      " [0.00000000e+00 3.16750970e-01 2.64938408e-02 5.82482041e-01\n",
      "  5.65075964e-02 0.00000000e+00 0.00000000e+00 0.00000000e+00\n",
      "  5.66489447e-02 5.19989231e-02 0.00000000e+00 0.00000000e+00\n",
      "  1.19760366e-01 5.54618870e-01 0.00000000e+00 0.00000000e+00\n",
      "  0.00000000e+00 0.00000000e+00 0.00000000e+00 7.59023190e-02\n",
      "  0.00000000e+00 0.00000000e+00 1.53208802e-01 3.80838230e-01\n",
      "  0.00000000e+00 9.24725813e-02 8.40557630e-02 0.00000000e+00\n",
      "  0.00000000e+00 1.00000000e+00]]\n"
     ]
    },
    {
     "data": {
