{
 "cells": [
  {
   "cell_type": "code",
   "execution_count": 25,
   "metadata": {},
   "outputs": [
    {
     "name": "stdout",
     "output_type": "stream",
     "text": [
      "interClusLib Path: /Users/jiashuchen/Desktop/InterClusLib/examples/../interClusLib/__init__.py\n",
      "\n",
      " Random Interval Data:\n",
      "    feature_1_lower  feature_1_upper  feature_2_lower  feature_2_upper  \\\n",
      "0         42.532123        84.833058         1.227972        62.990610   \n",
      "1         60.301000        75.784867        75.763271        82.623828   \n",
      "2         18.594313        31.716165        20.010836        85.428432   \n",
      "3         41.478883        51.791285        69.442884        72.256632   \n",
      "4         43.596044        82.390683        37.896456        72.723710   \n",
      "5         83.329035        86.907773        75.512363        76.323274   \n",
      "6         32.225071        74.421424        24.350316        72.094978   \n",
      "7         38.749470        50.881053        47.150858        92.744974   \n",
      "8         25.442010        35.714269        29.199926        74.012195   \n",
      "9         32.317143        95.072755        25.883872        87.628748   \n",
      "10         6.699484        32.189927        16.011065        31.582062   \n",
      "11        62.960823        73.458109        13.542309        88.289174   \n",
      "12        22.468905        45.180705        37.304818        41.718353   \n",
      "13        10.428505        56.061177         9.486149        87.193039   \n",
      "14        29.532864        50.758263        38.721065        42.556850   \n",
      "15        16.035084        80.564925        24.836402        63.440297   \n",
      "16        11.794331        79.593165        51.339973        63.572209   \n",
      "17         6.155758        86.616578        79.993850        81.291050   \n",
      "18        65.001121        91.970632        18.280535        71.588573   \n",
      "19        15.773000        57.117769         9.792663        53.201078   \n",
      "20        11.092381        12.332968        26.236522        64.975580   \n",
      "21        20.562179        53.682593        44.784368        51.436180   \n",
      "22        17.447318        77.989417        47.501283        74.934599   \n",
      "23         8.251204        55.171068         8.199421        59.111441   \n",
      "24        61.896453        65.172818        76.027844        83.227124   \n",
      "25        87.835545        89.847428        38.118613        75.775397   \n",
      "26        14.320827        48.360350         2.103253        70.923539   \n",
      "27        13.472878        22.105201        29.759597        31.735251   \n",
      "28        12.585268        77.295449        78.614633        93.667593   \n",
      "29        16.023182        92.636782        33.320592        78.728859   \n",
      "\n",
      "    feature_3_lower  feature_3_upper  \n",
      "0         47.355968        84.722250  \n",
      "1          7.897866        95.652425  \n",
      "2         13.144827        26.898271  \n",
      "3         74.267186        77.682325  \n",
      "4         69.380706        95.604957  \n",
      "5         42.693747        92.421360  \n",
      "6         14.695166        58.463691  \n",
      "7         31.724734        85.004245  \n",
      "8         42.675266        99.258542  \n",
      "9         41.447394        43.675301  \n",
      "10        57.016820        93.468703  \n",
      "11        60.445079        80.753732  \n",
      "12        43.715980        68.479145  \n",
      "13        50.380133        61.171367  \n",
      "14        78.042361        85.901349  \n",
      "15        19.356471        25.482105  \n",
      "16        15.180923        47.628392  \n",
      "17         5.222633        64.064583  \n",
      "18         8.653365        43.488351  \n",
      "19         6.174179        95.192661  \n",
      "20        32.824853        76.102699  \n",
      "21        65.532756        91.677248  \n",
      "22        81.942101        96.376507  \n",
      "23         4.695878        50.177319  \n",
      "24        14.952979        36.690673  \n",
      "25        44.661053        45.356324  \n",
      "26        90.031563        95.227064  \n",
      "27        41.865350        91.786205  \n",
      "28        40.700606        51.838056  \n",
      "29        34.887407        49.103514  \n",
      "Data Summary:\n",
      "       feature_1_lower  feature_1_upper  feature_2_lower  feature_2_upper  \\\n",
      "count        30.000000        30.000000        30.000000        30.000000   \n",
      "mean         30.963407        63.920622        36.347124        69.592521   \n",
      "std          23.114856        22.698630        24.027148        16.938716   \n",
      "min           6.155758        12.332968         1.227972        31.582062   \n",
      "25%          13.684865        50.788960        18.713110        63.103032   \n",
      "50%          21.515542        69.315463        31.540095        72.490171   \n",
      "75%          42.268813        81.934244        47.413677        82.290633   \n",
      "max          87.835545        95.072755        79.993850        93.667593   \n",
      "\n",
      "       feature_3_lower  feature_3_upper  \n",
      "count        30.000000        30.000000  \n",
      "mean         39.385512        70.311646  \n",
      "std          24.985060        23.414609  \n",
      "min           4.695878        25.482105  \n",
      "25%          15.009965        49.371965  \n",
      "50%          41.656372        76.892512  \n",
      "75%          55.357648        92.262571  \n",
      "max          90.031563        99.258542  \n",
      "\n",
      "Detected interval columns:\n",
      "- feature_1_lower / feature_1_upper\n",
      "- feature_2_lower / feature_2_upper\n",
      "- feature_3_lower / feature_3_upper\n"
     ]
    }
   ],
   "source": [
    "import numpy as np\n",
    "import pandas as pd\n",
    "import sys\n",
    "import os\n",
    "import matplotlib.pyplot as plt\n",
    "import matplotlib.patches as patches\n",
    "from mpl_toolkits.mplot3d.art3d import Poly3DCollection\n",
    "\n",
    "# 获取当前目录\n",
    "current_dir = os.getcwd()  \n",
    "\n",
    "# 添加 `interClusLib` 的上级目录到 Python 路径\n",
    "sys.path.append(os.path.join(current_dir, \"..\"))\n",
    "\n",
    "import interClusLib\n",
    "from interClusLib.data_structure import IntervalData\n",
    "from interClusLib.similarity_distance import IntervalMetrics\n",
    "from interClusLib.interval_clustering import IntervalKMeans\n",
    "from interClusLib.visualization import ClusteringVisualization\n",
    "\n",
    "print(\"interClusLib Path:\", interClusLib.__file__)\n",
    "\n",
    "random_data = IntervalData.random_data(30, 3)\n",
    "print(\"\\n Random Interval Data:\")\n",
    "print(random_data.data)\n",
    "random_data.summary()"
   ]
  },
  {
   "cell_type": "code",
   "execution_count": 26,
   "metadata": {},
   "outputs": [
    {
     "name": "stdout",
     "output_type": "stream",
     "text": [
      "<class 'interClusLib.data_structure.IntervalData'>\n",
      "<class 'pandas.core.frame.DataFrame'>\n",
      "(30, 6)\n"
     ]
    }
   ],
   "source": [
    "print(type(random_data))      \n",
    "print(type(random_data.data))  \n",
    "print(random_data.data.shape)  "
   ]
  },
  {
   "cell_type": "code",
   "execution_count": 27,
   "metadata": {},
   "outputs": [
    {
     "name": "stdout",
     "output_type": "stream",
     "text": [
      "[[ 0.         25.23258269 35.05175149 23.08119439 13.62523419 23.03129862\n",
      "  18.64412682 21.50719054 19.95645583 17.74820972 23.04860384 11.85511875\n",
      "  19.27925186 19.48116478 19.40544011 23.67715521 25.99003149 32.70561432\n",
      "  22.53226668 17.57428907 25.68066992 20.30143191 22.73102281 24.6865634\n",
      "  32.52186547 23.67567657 21.11210414 21.68440292 30.84794409 20.40451809]\n",
      " [25.23258269  0.         35.04699608 20.97876677 20.99245484 12.58304731\n",
      "  21.42831824 16.48243759 28.08134722 21.64006308 42.85156358 19.57133317\n",
      "  30.60304985 29.72592899 33.84140316 30.7577725  23.3342696  15.43981592\n",
      "  23.59465843 26.79531768 34.1270836  30.27375577 25.5955359  35.40282098\n",
      "  11.74027837 22.73104932 40.1497823  38.56125379 17.57087109 22.8607292 ]\n",
      " [35.05175149 35.04699608  0.         34.04969191 36.41740551 45.08331069\n",
      "  17.13087135 25.07708152 20.69212443 21.70539467 30.03056583 32.28878221\n",
      "  22.2002061  17.72968325 32.79214024 12.84142311 16.99539211 25.34162301\n",
      "  23.1369189  22.6902533  19.37040576 29.1822419  35.33986804 14.14372611\n",
      "  24.06272565 32.57575827 32.37869814 27.00567292 27.48630061 19.69636585]\n",
      " [23.08119439 20.97876677 34.04969191  0.         13.6976031  19.77936632\n",
      "  24.44583598 11.41235408 17.3247948  25.61121641 27.62291887 18.81190785\n",
      "  21.34188179 21.90085422 14.23247373 31.55123223 24.26868062 22.92846738\n",
      "  35.88996471 28.75077778 27.22569925 13.39843244 12.41813817 34.11544165\n",
      "  25.27673542 29.61153499 22.09513866 28.38309932 19.81452895 24.15439663]\n",
      " [13.62523419 20.99245484 36.41740551 13.6976031   0.         19.22268457\n",
      "  20.89031831 18.98142562 16.70540305 17.9083463  27.43741581 11.25096332\n",
      "  23.78744167 23.55691926 14.26101142 28.64621202 25.03651605 30.63391116\n",
      "  27.43000521 27.39020109 29.67125914 13.46752388  9.28310866 35.99770439\n",
      "  30.04620373 21.65639583 20.25829683 28.47801251 28.36917843 19.09545888]\n",
      " [23.03129862 12.58304731 45.08331069 19.77936632 19.22268457  0.\n",
      "  30.1561509  21.22565286 27.42353779 25.10546567 41.82672027 18.92320994\n",
      "  33.22364639 33.50388871 32.6420027  37.91204461 31.34642651 25.4569376\n",
      "  27.21130562 37.1179172  38.93709172 29.07435531 24.56722124 45.26353698\n",
      "  22.34305379 15.40880485 39.41799918 37.7438451  23.89652068 26.77030156]\n",
      " [18.64412682 21.42831824 17.13087135 24.44583598 20.89031831 30.1561509\n",
      "   0.         18.42683853 20.17199908 10.76049272 32.32265303 19.16165034\n",
      "  18.06829668 15.60791943 24.44639181  9.6377091   9.70928256 16.73024188\n",
      "  12.98643073 17.32270842 21.01820658 22.85194469 24.32134862 15.10738608\n",
      "  19.04234544 19.74184657 29.91393193 28.65347374 20.24702888  9.00195935]\n",
      " [21.50719054 16.48243759 25.07708152 11.41235408 18.98142562 21.22565286\n",
      "  18.42683853  0.         15.06046393 18.65064301 29.46672668 18.92885052\n",
      "  16.56311233 15.8950812  19.19534065 25.53223477 18.63409029 19.33671345\n",
      "  30.32586952 20.90485269 20.63174183 17.05726638 17.75139462 27.48983656\n",
      "  21.9001768  25.61703225 27.05800558 24.89600063 15.32782978 17.58380676]\n",
      " [19.95645583 28.08134722 20.69212443 17.3247948  16.70540305 27.42353779\n",
      "  20.17199908 15.06046393  0.         22.77688089 15.37123596 18.23751361\n",
      "  12.08994571 13.02464338 14.32621462 26.14688504 24.19057265 30.27027993\n",
      "  33.15842981 17.03147455 13.78953437 10.56697159 16.79429064 23.73644497\n",
      "  35.37433243 30.18513335 15.03128448 12.68956618 26.67440515 20.61712182]\n",
      " [17.74820972 21.64006308 21.70539467 25.61121641 17.9083463  25.10546567\n",
      "  10.76049272 18.65064301 22.77688089  0.         36.63046801 16.51022654\n",
      "  22.12051896 17.36040888 28.49861409 16.05165483 14.62082902 20.82538349\n",
      "  14.88474472 26.08922807 26.50751908 26.90416697 24.46108117 24.4868168\n",
      "  18.92049188 12.10797075 34.22174692 32.70569602 17.40692347  5.69830155]\n",
      " [23.04860384 42.85156358 30.03056583 27.62291887 27.43741581 41.82672027\n",
      "  32.32265303 29.46672668 15.37123596 36.63046801  0.         27.82526743\n",
      "  16.41344001 20.3575451  16.01867393 34.00685281 34.58222465 41.5527884\n",
      "  43.11702165 17.74383579 17.50565102 15.41645317 26.53719399 24.61242754\n",
      "  49.78059517 44.26043153 16.3177243   6.80340243 38.93787769 33.45357999]\n",
      " [11.85511875 19.57133317 32.28878221 18.81190785 11.25096332 18.92320994\n",
      "  19.16165034 18.92885052 18.23751361 16.51022654 27.82526743  0.\n",
      "  24.05730491 17.45480952 20.76750501 28.0224752  27.89227534 32.52803361\n",
      "  21.0517526  26.10613437 28.09640632 19.17305789 19.43204614 32.30714942\n",
      "  26.89839252 19.50362947 24.43371059 29.32908446 28.24774105 20.65396908]\n",
      " [19.27925186 30.60304985 22.2002061  21.34188179 23.78744167 33.22364639\n",
      "  18.06829668 16.56311233 12.08994571 22.12051896 16.41344001 24.05730491\n",
      "   0.         10.80381059 11.1074742  20.74378554 19.94788022 27.76758521\n",
      "  29.87429551 12.83183678 13.06210244 11.78569074 23.72415092 16.77417124\n",
      "  33.36715516 28.00450368 19.40219077 12.15115243 24.17171042 18.77846473]\n",
      " [19.48116478 29.72592899 17.72968325 21.90085422 23.55691926 33.50388871\n",
      "  15.60791943 15.8950812  13.02464338 17.36040888 20.3575451  17.45480952\n",
      "  10.80381059  0.         19.35545954 20.09599886 19.24897052 24.3701004\n",
      "  27.58271995 14.09983351 13.91682472 15.25817278 22.28821601 14.85233991\n",
      "  31.17152177 26.89331275 17.51005823 20.00476703 19.66781856 15.59421742]\n",
      " [19.40544011 33.84140316 32.79214024 14.23247373 14.26101142 32.6420027\n",
      "  24.44639181 19.19534065 14.32621462 28.49861409 16.01867393 20.76750501\n",
      "  11.1074742  19.35545954  0.         28.29920713 27.26726065 35.08696564\n",
      "  36.25239064 19.09274131 22.38344438  6.07048702 13.79400317 26.81230293\n",
      "  39.50920914 34.08945424 12.59044643 16.77885439 31.49109085 26.33388631]\n",
      " [23.67715521 30.7577725  12.84142311 31.55123223 28.64621202 37.91204461\n",
      "   9.6377091  25.53223477 26.14688504 16.05165483 34.00685281 28.0224752\n",
      "  20.74378554 20.09599886 28.29920713  0.          8.99904732 20.24500093\n",
      "  14.42104434 19.78379243 23.36650636 26.53362094 28.36912058 13.13979813\n",
      "  21.34136776 25.3131792  32.84533877 30.2566592  23.07081731 12.49949246]\n",
      " [25.99003149 23.3342696  16.99539211 24.26868062 25.03651605 31.34642651\n",
      "   9.70928256 18.63409029 24.19057265 14.62082902 34.58222465 27.89227534\n",
      "  19.94788022 19.24897052 27.26726065  8.99904732  0.         11.63872023\n",
      "  18.21854896 20.32635088 23.19730575 23.16714897 22.08744504 14.34193155\n",
      "  17.60176171 21.49949461 33.81980779 30.29125634 14.8995176   9.41224248]\n",
      " [32.70561432 15.43981592 25.34162301 22.92846738 30.63391116 25.4569376\n",
      "  16.73024188 19.33671345 30.27027993 20.82538349 41.5527884  32.52803361\n",
      "  27.76758521 24.3701004  35.08696564 20.24500093 11.63872023  0.\n",
      "  26.03190672 26.64493187 30.66612388 30.98685395 26.52866175 23.30559448\n",
      "  14.51343512 28.62332457 40.41429108 38.11096132  9.52927411 15.79797503]\n",
      " [22.53226668 23.59465843 23.1369189  35.88996471 27.43000521 27.21130562\n",
      "  12.98643073 30.32586952 33.15842981 14.88474472 43.11702165 21.0517526\n",
      "  29.87429551 27.58271995 36.25239064 14.42104434 18.21854896 26.03190672\n",
      "   0.         27.11011028 33.04803761 35.71651688 36.71311387 20.46611598\n",
      "  17.68100326 14.12249772 40.70830055 40.45947257 31.65018293 17.16791449]\n",
      " [17.57428907 26.79531768 22.6902533  28.75077778 27.39020109 37.1179172\n",
      "  17.32270842 20.90485269 17.03147455 26.08922807 17.74383579 26.10613437\n",
      "  12.83183678 14.09983351 19.09274131 19.78379243 20.32635088 26.64493187\n",
      "  27.11011028  0.         17.38907552 16.52324375 26.48997927 10.31208371\n",
      "  34.82361946 34.25480149 18.63730658 15.74494798 28.80346158 21.81900888]\n",
      " [25.68066992 34.1270836  19.37040576 27.22569925 29.67125914 38.93709172\n",
      "  21.01820658 20.63174183 13.78953437 26.50751908 17.50565102 28.09640632\n",
      "  13.06210244 13.91682472 22.38344438 23.36650636 23.19730575 30.66612388\n",
      "  33.04803761 17.38907552  0.         19.6082872  28.77103732 20.1322824\n",
      "  38.16178111 34.61431759 23.28669534 11.68617718 28.63168915 22.17852498]\n",
      " [20.30143191 30.27375577 29.1822419  13.39843244 13.46752388 29.07435531\n",
      "  22.85194469 17.05726638 10.56697159 26.90416697 15.41645317 19.17305789\n",
      "  11.78569074 15.25817278  6.07048702 26.53362094 23.16714897 30.98685395\n",
      "  35.71651688 16.52324375 19.6082872   0.         11.93846018 25.20545509\n",
      "  36.90421148 32.49500712 13.71555571 16.17663363 27.39097917 23.24432516]\n",
      " [22.73102281 25.5955359  35.33986804 12.41813817  9.28310866 24.56722124\n",
      "  24.32134862 17.75139462 16.79429064 24.46108117 26.53719399 19.43204614\n",
      "  23.72415092 22.28821601 13.79400317 28.36912058 22.08744504 26.52866175\n",
      "  36.71311387 26.48997927 28.77103732 11.93846018  0.         35.09748258\n",
      "  34.65719601 29.98835643 15.0423518  27.5777907  23.53038463 20.52595725]\n",
      " [24.6865634  35.40282098 14.14372611 34.11544165 35.99770439 45.26353698\n",
      "  15.10738608 27.48983656 23.73644497 24.4868168  24.61242754 32.30714942\n",
      "  16.77417124 14.85233991 26.81230293 13.13979813 14.34193155 23.30559448\n",
      "  20.46611598 10.31208371 20.1322824  25.20545509 35.09748258  0.\n",
      "  28.17962516 33.46817064 24.83470777 23.20340252 28.18254568 20.02796857]\n",
      " [32.52186547 11.74027837 24.06272565 25.27673542 30.04620373 22.34305379\n",
      "  19.04234544 21.9001768  35.37433243 18.92049188 49.78059517 26.89839252\n",
      "  33.36715516 31.17152177 39.50920914 21.34136776 17.60176171 14.51343512\n",
      "  17.68100326 34.82361946 38.16178111 36.90421148 34.65719601 28.17962516\n",
      "   0.         22.39139767 47.37187408 45.20986912 17.20557504 20.90434258]\n",
      " [23.67567657 22.73104932 32.57575827 29.61153499 21.65639583 15.40880485\n",
      "  19.74184657 25.61703225 30.18513335 12.10797075 44.26043153 19.50362947\n",
      "  28.00450368 26.89331275 34.08945424 25.3131792  21.49949461 28.62332457\n",
      "  14.12249772 34.25480149 34.61431759 32.49500712 29.98835643 33.46817064\n",
      "  22.39139767  0.         41.85171044 40.15565611 25.44536711 14.39733825]\n",
      " [21.11210414 40.1497823  32.37869814 22.09513866 20.25829683 39.41799918\n",
      "  29.91393193 27.05800558 15.03128448 34.22174692 16.3177243  24.43371059\n",
      "  19.40219077 17.51005823 12.59044643 32.84533877 33.81980779 40.41429108\n",
      "  40.70830055 18.63730658 23.28669534 13.71555571 15.0423518  24.83470777\n",
      "  47.37187408 41.85171044  0.         19.649743   36.81841629 31.0448589 ]\n",
      " [21.68440292 38.56125379 27.00567292 28.38309932 28.47801251 37.7438451\n",
      "  28.65347374 24.89600063 12.68956618 32.70569602  6.80340243 29.32908446\n",
      "  12.15115243 20.00476703 16.77885439 30.2566592  30.29125634 38.11096132\n",
      "  40.45947257 15.74494798 11.68617718 16.17663363 27.5777907  23.20340252\n",
      "  45.20986912 40.15565611 19.649743    0.         34.51508654 28.88285394]\n",
      " [30.84794409 17.57087109 27.48630061 19.81452895 28.36917843 23.89652068\n",
      "  20.24702888 15.32782978 26.67440515 17.40692347 38.93787769 28.24774105\n",
      "  24.17171042 19.66781856 31.49109085 23.07081731 14.8995176   9.52927411\n",
      "  31.65018293 28.80346158 28.63168915 27.39097917 23.53038463 28.18254568\n",
      "  17.20557504 25.44536711 36.81841629 34.51508654  0.         14.5932935 ]\n",
      " [20.40451809 22.8607292  19.69636585 24.15439663 19.09545888 26.77030156\n",
      "   9.00195935 17.58380676 20.61712182  5.69830155 33.45357999 20.65396908\n",
      "  18.77846473 15.59421742 26.33388631 12.49949246  9.41224248 15.79797503\n",
      "  17.16791449 21.81900888 22.17852498 23.24432516 20.52595725 20.02796857\n",
      "  20.90434258 14.39733825 31.0448589  28.88285394 14.5932935   0.        ]]\n"
     ]
    }
   ],
   "source": [
    "distance_matrix = IntervalMetrics.pairwise_distance(random_data.get_intervals(),\"hausdorff\",\"mean\")\n",
    "\n",
    "print(distance_matrix)"
   ]
  },
  {
   "cell_type": "code",
   "execution_count": 28,
   "metadata": {},
   "outputs": [
    {
     "name": "stdout",
     "output_type": "stream",
     "text": [
      "[1 3 2 3 0 3 1 3 0 1 0 1 0 2 0 1 1 3 1 2 2 0 0 2 3 1 0 0 3 1]\n"
     ]
    }
   ],
   "source": [
    "model = IntervalKMeans(n_clusters=4,max_iter=20,tol=1e-4,random_state=42)\n",
    "model.fit(random_data.get_intervals(),distance_func=IntervalMetrics.hausdorff_distance_md,operator=\"mean\") \n",
    "\n",
    "print(model.labels_)"
   ]
  },
  {
   "cell_type": "code",
   "execution_count": 29,
   "metadata": {},
   "outputs": [],
   "source": [
    "def plot_intervals_3D(intervals, labels=None):\n",
    "    fig= plt.figure(figsize=(8,8))\n",
    "    ax = fig.add_subplot(111,projection='3d')\n",
    "    ClusteringVisualization.draw_3d_interval_cubes(ax, intervals, labels)\n",
    "\n",
    "    xs = intervals[:, 0, :].ravel()  # x_lower, x_upper\n",
    "    ys = intervals[:, 1, :].ravel()  # y_lower, y_upper\n",
    "    zs = intervals[:, 2, :].ravel()  # z_lower, z_upper\n",
    "\n",
    "    x_min, x_max = xs.min() - 5, xs.max() + 5\n",
    "    y_min, y_max = ys.min() - 5, ys.max() + 5\n",
    "    z_min, z_max = zs.min() - 5, zs.max() + 5\n",
    "\n",
    "    ax.set_xlim(x_min, x_max)\n",
    "    ax.set_ylim(y_min, y_max)\n",
    "    ax.set_zlim(z_min, z_max)\n",
    "\n",
    "    ax.set_xlabel(\"x1\")\n",
    "    ax.set_ylabel(\"x2\")\n",
    "    ax.set_zlabel(\"x3\")\n",
    "    ax.set_title(\"3D\")\n",
    "\n",
    "    plt.show()\n",
    "\n",
    "def plot_intervals_as_squares(intervals, labels=None):\n",
    "    fig, ax = plt.subplots(figsize=(6,6))\n",
    "    ClusteringVisualization.draw_interval_squares(ax, intervals, labels)\n",
    "\n",
    "    min_val = intervals.min() - 1\n",
    "    max_val = intervals.max() + 1\n",
    "    ax.set_xlim(min_val, max_val)\n",
    "    ax.set_ylim(min_val, max_val)\n",
    "    ax.set_aspect('equal', 'box')\n",
    "    \n",
    "    ax.set_xlabel(\"Coordinate X (lower →)\")\n",
    "    ax.set_ylabel(\"Coordinate Y (lower →)\")\n",
    "    ax.set_title(\"1D Intervals as Squares\")\n",
    "    plt.show()\n",
    "\n",
    "def plot_2d_intervals(intervals, labels=None):\n",
    "    fig, ax = plt.subplots(figsize=(6, 6))\n",
    "    \n",
    "    ClusteringVisualization.draw_interval_rectangles(ax, intervals, labels=labels)\n",
    "    \n",
    "    # 根据 intervals 范围调整坐标\n",
    "    x_vals = intervals[:, 0, :].ravel()  # 所有 x_lower, x_upper\n",
    "    y_vals = intervals[:, 1, :].ravel()  # 所有 y_lower, y_upper\n",
    "    x_min, x_max = x_vals.min() - 1, x_vals.max() + 1\n",
    "    y_min, y_max = y_vals.min() - 1, y_vals.max() + 1\n",
    "    ax.set_xlim(x_min, x_max)\n",
    "    ax.set_ylim(y_min, y_max)\n",
    "    \n",
    "    # 让坐标系的 x,y 单位看起来相等\n",
    "    ax.set_aspect('equal', 'box')\n",
    "    \n",
    "    ax.set_xlabel(\"X dimension\")\n",
    "    ax.set_ylabel(\"Y dimension\")\n",
    "    ax.set_title(\"2D Interval Rectangles\")\n",
    "    plt.show()\n"
   ]
  },
  {
   "cell_type": "code",
   "execution_count": 30,
   "metadata": {},
   "outputs": [
    {
     "data": {
