{
 "cells": [
  {
   "cell_type": "code",
   "execution_count": 1,
   "metadata": {},
   "outputs": [
    {
     "name": "stdout",
     "output_type": "stream",
     "text": [
      "interClusLib Path: /Users/jiashuchen/Desktop/InterClusLib/examples/../interClusLib/__init__.py\n",
      "\n",
      " Random Interval Data:\n",
      "    feature_1_lower  feature_1_upper  feature_2_lower  feature_2_upper  \\\n",
      "0         35.806218        42.855984        32.498299        84.630937   \n",
      "1         51.971588        59.382207        47.746444        66.396919   \n",
      "2         56.164415        92.113124        75.734380        89.781554   \n",
      "3         38.426362        55.843200        51.916356        82.407214   \n",
      "4         50.308155        54.270714        11.942588        87.064901   \n",
      "5         20.192681        38.269253         9.018237        98.437105   \n",
      "6         26.751108        93.578034         0.827499        77.195310   \n",
      "7          0.951741        34.425276        15.433552        90.763849   \n",
      "8         47.628529        91.976536        16.157740        38.589280   \n",
      "9          8.057418        41.153338        51.144513        60.197494   \n",
      "10        44.592184        88.291484        42.909518        91.814967   \n",
      "11        19.032172        99.305958        26.743272        70.341080   \n",
      "12        19.186570        65.180426         8.798689        77.029581   \n",
      "13        89.098115        95.431774        61.281307        84.600759   \n",
      "14        12.859030        16.547852        13.185983        61.022290   \n",
      "15         4.799512        56.362732        38.964722        70.673704   \n",
      "16         5.176936        66.111238        41.643729        63.467583   \n",
      "17        18.759461        44.569162        73.053544        77.508304   \n",
      "18        18.200147        91.207219        58.858592        90.395377   \n",
      "19        28.031780        84.171205        59.857876        78.048053   \n",
      "20        52.602888        97.197409        28.799140        96.558383   \n",
      "21        12.058946        46.253218        30.890329        35.035362   \n",
      "22         2.124825        93.232338        18.958210        25.091270   \n",
      "23        35.312982        78.773988        39.646043        47.187156   \n",
      "24        46.185545        56.642005        35.300829        58.289027   \n",
      "25        67.811820        78.676191        16.730293        88.723799   \n",
      "26         4.955921        60.593456        15.609604        45.154028   \n",
      "27        12.730464        99.072042        21.873032        32.305207   \n",
      "28        57.510658        83.217621        25.803198        33.582663   \n",
      "29         9.102117        93.755197        21.869291        77.506110   \n",
      "\n",
      "    feature_3_lower  feature_3_upper  \n",
      "0         22.871592        44.631253  \n",
      "1         59.215141        83.635420  \n",
      "2         89.365146        99.202840  \n",
      "3         15.684465        57.741380  \n",
      "4         53.110944        65.560033  \n",
      "5          8.782505        59.037739  \n",
      "6          8.207501        28.810202  \n",
      "7         16.164483        92.741999  \n",
      "8         55.098367        97.702229  \n",
      "9          2.136957        16.711765  \n",
      "10        21.608664        27.709873  \n",
      "11        14.312544        57.524786  \n",
      "12        72.743013        89.586635  \n",
      "13        26.537852        34.526906  \n",
      "14        10.766538        36.950708  \n",
      "15        31.154754        72.444214  \n",
      "16        13.131138        75.198505  \n",
      "17        50.795835        94.077927  \n",
      "18        57.746965        74.522507  \n",
      "19        34.307947        70.699144  \n",
      "20        16.596655        36.729842  \n",
      "21        27.135823        31.246374  \n",
      "22         4.612654        63.767855  \n",
      "23        29.095155        67.401382  \n",
      "24        62.856107        86.627390  \n",
      "25        52.659382        55.041276  \n",
      "26         6.247440        12.952456  \n",
      "27        61.874633        87.462145  \n",
      "28        71.246538        92.661532  \n",
      "29        10.468045        72.839163  \n",
      "Data Summary:\n",
      "       feature_1_lower  feature_1_upper  feature_2_lower  feature_2_upper  \\\n",
      "count        30.000000        30.000000        30.000000        30.000000   \n",
      "mean         29.879676        69.948673        33.106560        69.326642   \n",
      "std          22.462849        23.485409        19.941228        21.332555   \n",
      "min           0.951741        16.547852         0.827499        25.091270   \n",
      "25%          12.226826        54.663835        16.300879        58.766144   \n",
      "50%          23.471895        72.393715        29.844735        77.112445   \n",
      "75%          47.267783        92.078977        46.537212        86.456410   \n",
      "max          89.098115        99.305958        75.734380        98.437105   \n",
      "\n",
      "       feature_3_lower  feature_3_upper  \n",
      "count        30.000000        30.000000  \n",
      "mean         33.551159        62.858183  \n",
      "std          24.518390        25.468490  \n",
      "min           2.136957        12.952456  \n",
      "25%          13.426490        38.870845  \n",
      "50%          26.836837        66.480708  \n",
      "75%          54.601511        85.879398  \n",
      "max          89.365146        99.202840  \n",
      "\n",
      "Detected interval columns:\n",
      "- feature_1_lower / feature_1_upper\n",
      "- feature_2_lower / feature_2_upper\n",
      "- feature_3_lower / feature_3_upper\n"
     ]
    }
   ],
   "source": [
    "import numpy as np\n",
    "import pandas as pd\n",
    "import sys\n",
    "import os\n",
    "import matplotlib.pyplot as plt\n",
    "import matplotlib.patches as patches\n",
    "from mpl_toolkits.mplot3d.art3d import Poly3DCollection\n",
    "\n",
    "# 获取当前目录\n",
    "current_dir = os.getcwd()  \n",
    "\n",
    "# 添加 `interClusLib` 的上级目录到 Python 路径\n",
    "sys.path.append(os.path.join(current_dir, \"..\"))\n",
    "\n",
    "import interClusLib\n",
    "from interClusLib.data_structure import IntervalData\n",
    "from interClusLib.similarity_distance import IntervalMetrics\n",
    "from interClusLib.interval_clustering import IntervalKMeans\n",
    "from interClusLib.visualization import ClusteringVisualization as cvis\n",
    "\n",
    "print(\"interClusLib Path:\", interClusLib.__file__)\n",
    "\n",
    "random_data = IntervalData.random_data(30, 3)\n",
    "print(\"\\n Random Interval Data:\")\n",
    "print(random_data.data)\n",
    "random_data.summary()"
   ]
  },
  {
   "cell_type": "code",
   "execution_count": 2,
   "metadata": {},
   "outputs": [
    {
     "name": "stdout",
     "output_type": "stream",
     "text": [
      "<class 'interClusLib.data_structure.IntervalData'>\n",
      "<class 'pandas.core.frame.DataFrame'>\n",
      "(30, 6)\n",
      "30\n"
     ]
    }
   ],
   "source": [
    "print(type(random_data))      \n",
    "print(type(random_data.data))  \n",
    "print(random_data.data.shape)  \n",
    "print(random_data.get_intervals().shape[0])"
   ]
  },
  {
   "cell_type": "code",
   "execution_count": 5,
   "metadata": {},
   "outputs": [
    {
     "name": "stdout",
     "output_type": "stream",
     "text": [
      "30\n",
      "[[1.00000000e+00 1.19250149e-01 5.17693846e-02 4.41109718e-01\n",
      "  2.31323363e-01 3.74892832e-01 2.67296824e-01 3.25402051e-01\n",
      "  2.96514162e-02 1.09104016e-01 3.04507067e-01 4.15034191e-01\n",
      "  2.46836784e-01 2.71486594e-01 2.71663406e-01 3.38937053e-01\n",
      "  2.94965861e-01 1.19531505e-01 1.80567823e-01 2.30113814e-01\n",
      "  4.21235716e-01 1.47428132e-01 1.48406245e-01 2.18584550e-01\n",
      "  1.46985322e-01 2.41376581e-01 1.03356161e-01 2.72165730e-02\n",
      "  6.14429147e-03 3.83091723e-01]\n",
      " [1.19250149e-01 1.00000000e+00 2.67203886e-02 2.00843527e-01\n",
      "  2.36501418e-01 6.95247555e-02 1.18370592e-01 1.88826285e-01\n",
      "  2.46765180e-01 1.61800732e-01 1.83646637e-01 1.73367164e-01\n",
      "  2.64368223e-01 4.62687764e-02 8.31648981e-02 3.06900315e-01\n",
      "  3.27810948e-01 1.88070695e-01 2.89846681e-01 1.93537951e-01\n",
      "  1.41715168e-01 0.00000000e+00 4.63173229e-02 1.06869094e-01\n",
      "  4.83657204e-01 8.63525796e-02 4.43982012e-02 2.85401384e-01\n",
      "  1.43435769e-01 2.02987589e-01]\n",
      " [5.17693846e-02 2.67203886e-02 1.00000000e+00 5.87420075e-02\n",
      "  4.85212019e-02 5.23646886e-02 1.84786970e-01 7.57135349e-02\n",
      "  3.31358601e-01 0.00000000e+00 3.21097526e-01 1.49275420e-01\n",
      "  4.93318925e-02 1.29293284e-01 0.00000000e+00 7.57108439e-04\n",
      "  3.81384080e-02 6.78008346e-02 3.06510274e-01 1.71456583e-01\n",
      "  3.37811325e-01 0.00000000e+00 1.31524862e-01 1.32684957e-01\n",
      "  3.46625553e-03 1.60010352e-01 1.69389010e-02 1.38784851e-01\n",
      "  2.77671072e-01 1.50249234e-01]\n",
      " [4.41109718e-01 2.00843527e-01 5.87420075e-02 1.00000000e+00\n",
      "  2.42078557e-01 3.92618487e-01 2.78493078e-01 3.14772921e-01\n",
      "  6.18754291e-02 1.13476869e-01 3.31388242e-01 5.03796597e-01\n",
      "  2.39950092e-01 2.78772885e-01 1.94754628e-01 4.12652318e-01\n",
      "  4.15600929e-01 1.33448914e-01 2.83516571e-01 4.44256448e-01\n",
      "  3.27945183e-01 9.21658080e-02 3.00708948e-01 3.18216887e-01\n",
      "  2.21822419e-01 1.60052447e-01 1.04347051e-01 6.72400581e-02\n",
      "  0.00000000e+00 4.34250334e-01]\n",
      " [2.31323363e-01 2.36501418e-01 4.85212019e-02 2.42078557e-01\n",
      "  1.00000000e+00 3.14834433e-01 2.71986553e-01 3.57116843e-01\n",
      "  2.07521343e-01 4.01699619e-02 2.14500678e-01 2.38616213e-01\n",
      "  3.05921482e-01 1.03473262e-01 2.12259648e-01 2.66818090e-01\n",
      "  1.85371591e-01 1.15642291e-01 2.59569371e-01 2.18271899e-01\n",
      "  2.41387158e-01 1.83923747e-02 9.99961666e-02 1.72182710e-01\n",
      "  2.55214255e-01 3.55223295e-01 1.54835073e-01 9.73496922e-02\n",
      "  3.45191026e-02 3.29007603e-01]\n",
      " [3.74892832e-01 6.95247555e-02 5.23646886e-02 3.92618487e-01\n",
      "  3.14834433e-01 1.00000000e+00 4.16477528e-01 5.78158991e-01\n",
      "  9.83872344e-02 2.62260703e-01 2.22776619e-01 5.24203460e-01\n",
      "  3.83917106e-01 1.39919514e-01 3.51997528e-01 3.81056519e-01\n",
      "  4.10639283e-01 2.82275236e-01 2.06640277e-01 2.54281815e-01\n",
      "  3.86130716e-01 2.18930668e-01 3.72182027e-01 2.15200051e-01\n",
      "  8.56948073e-02 2.84174164e-01 2.44764837e-01 1.08675839e-01\n",
      "  2.90000859e-02 5.31323922e-01]\n",
      " [2.67296824e-01 1.18370592e-01 1.84786970e-01 2.78493078e-01\n",
      "  2.71986553e-01 4.16477528e-01 1.00000000e+00 3.06390231e-01\n",
      "  3.19118378e-01 2.01927419e-01 4.42290929e-01 5.65782361e-01\n",
      "  4.70011103e-01 1.13843627e-01 4.18049201e-01 2.49586297e-01\n",
      "  3.21688353e-01 9.73877404e-02 3.53276880e-01 3.54863441e-01\n",
      "  5.05134863e-01 1.22062383e-01 3.85178075e-01 2.49699663e-01\n",
      "  1.52496746e-01 2.83495958e-01 3.26347627e-01 3.03529163e-01\n",
      "  1.62182694e-01 5.98249206e-01]\n",
      " [3.25402051e-01 1.88826285e-01 7.57135349e-02 3.14772921e-01\n",
      "  3.57116843e-01 5.78158991e-01 3.06390231e-01 1.00000000e+00\n",
      "  2.53149014e-01 2.60702763e-01 2.35397215e-01 4.20872949e-01\n",
      "  4.02900855e-01 1.37963032e-01 3.17139644e-01 4.98257609e-01\n",
      "  4.93371380e-01 3.18889760e-01 2.72493939e-01 2.64506530e-01\n",
      "  3.42243927e-01 2.00808316e-01 3.23864454e-01 2.00111809e-01\n",
      "  2.05195517e-01 3.28936287e-01 2.95434949e-01 2.31242895e-01\n",
      "  1.27640860e-01 5.66764517e-01]\n",
      " [2.96514162e-02 2.46765180e-01 3.31358601e-01 6.18754291e-02\n",
      "  2.07521343e-01 9.83872344e-02 3.19118378e-01 2.53149014e-01\n",
      "  1.00000000e+00 0.00000000e+00 2.86050518e-01 2.66728334e-01\n",
      "  3.21748118e-01 2.00713094e-02 1.56307632e-01 1.20281002e-01\n",
      "  1.50202309e-01 2.77002469e-01 3.28147496e-01 2.72521283e-01\n",
      "  3.05362951e-01 6.15953138e-02 2.84436205e-01 2.42993899e-01\n",
      "  2.77617580e-01 1.82069578e-01 3.02744897e-01 5.26431015e-01\n",
      "  4.76375812e-01 3.33263636e-01]\n",
      " [1.09104016e-01 1.61800732e-01 0.00000000e+00 1.13476869e-01\n",
      "  4.01699619e-02 2.62260703e-01 2.01927419e-01 2.60702763e-01\n",
      "  0.00000000e+00 1.00000000e+00 6.17039719e-02 1.64463999e-01\n",
      "  1.72411190e-01 0.00000000e+00 1.57160013e-01 3.09117807e-01\n",
      "  3.35656627e-01 2.04444507e-01 1.03385889e-01 6.16725055e-02\n",
      "  4.56442332e-02 2.53905677e-01 1.86525973e-01 2.75294094e-02\n",
      "  9.56555622e-02 4.19157319e-02 3.51630076e-01 1.04096361e-01\n",
      "  0.00000000e+00 2.08342906e-01]\n",
      " [3.04507067e-01 1.83646637e-01 3.21097526e-01 3.31388242e-01\n",
      "  2.14500678e-01 2.22776619e-01 4.42290929e-01 2.35397215e-01\n",
      "  2.86050518e-01 6.17039719e-02 1.00000000e+00 3.69042987e-01\n",
      "  2.36310605e-01 1.89184460e-01 1.54456278e-01 2.22105049e-01\n",
      "  2.55655390e-01 3.03630769e-02 4.14471577e-01 3.42917745e-01\n",
      "  5.67739544e-01 2.71173213e-02 1.94261476e-01 2.42399101e-01\n",
      "  1.70472566e-01 2.86261603e-01 7.38211904e-02 1.68707055e-01\n",
      "  1.96089811e-01 3.69552753e-01]\n",
      " [4.15034191e-01 1.73367164e-01 1.49275420e-01 5.03796597e-01\n",
      "  2.38616213e-01 5.24203460e-01 5.65782361e-01 4.20872949e-01\n",
      "  2.66728334e-01 1.64463999e-01 3.69042987e-01 1.00000000e+00\n",
      "  4.03978984e-01 1.40122624e-01 3.61302582e-01 5.20953221e-01\n",
      "  5.65647353e-01 1.33801949e-01 3.56760659e-01 4.38475079e-01\n",
      "  5.38824062e-01 1.67399595e-01 4.98004569e-01 4.16630071e-01\n",
      "  2.19179572e-01 2.65347334e-01 2.58961438e-01 3.46421401e-01\n",
      "  1.57934839e-01 7.68272836e-01]\n",
      " [2.46836784e-01 2.64368223e-01 4.93318925e-02 2.39950092e-01\n",
      "  3.05921482e-01 3.83917106e-01 4.70011103e-01 4.02900855e-01\n",
      "  3.21748118e-01 1.72411190e-01 2.36310605e-01 4.03978984e-01\n",
      "  1.00000000e+00 6.92517341e-02 2.33698188e-01 3.60141502e-01\n",
      "  3.68926724e-01 3.31272654e-01 3.02857904e-01 2.73207300e-01\n",
      "  2.36934007e-01 1.90091232e-01 1.98239134e-01 2.03920292e-01\n",
      "  3.61227566e-01 2.51482454e-01 3.73516237e-01 4.05579380e-01\n",
      "  3.40110939e-01 4.49121890e-01]\n",
      " [2.71486594e-01 4.62687764e-02 1.29293284e-01 2.78772885e-01\n",
      "  1.03473262e-01 1.39919514e-01 1.13843627e-01 1.37963032e-01\n",
      "  2.00713094e-02 0.00000000e+00 1.89184460e-01 1.40122624e-01\n",
      "  6.92517341e-02 1.00000000e+00 1.01703357e-01 9.30893880e-02\n",
      "  5.98701162e-02 6.36773063e-02 2.55581797e-01 2.27532448e-01\n",
      "  2.94329849e-01 1.71507625e-01 5.97867363e-02 4.43080559e-02\n",
      "  0.00000000e+00 1.07970167e-01 0.00000000e+00 2.44519460e-02\n",
      "  0.00000000e+00 1.46891105e-01]\n",
      " [2.71663406e-01 8.31648981e-02 0.00000000e+00 1.94754628e-01\n",
      "  2.12259648e-01 3.51997528e-01 4.18049201e-01 3.17139644e-01\n",
      "  1.56307632e-01 1.57160013e-01 1.54456278e-01 3.61302582e-01\n",
      "  2.33698188e-01 1.01703357e-01 1.00000000e+00 1.83067762e-01\n",
      "  2.71874645e-01 0.00000000e+00 9.34125807e-03 2.06825699e-02\n",
      "  3.85134478e-01 1.17171607e-01 2.03777704e-01 9.87831448e-02\n",
      "  1.60186541e-01 1.95451761e-01 2.51703647e-01 8.69347567e-02\n",
      "  5.42089259e-02 3.57369654e-01]\n",
      " [3.38937053e-01 3.06900315e-01 7.57108439e-04 4.12652318e-01\n",
      "  2.66818090e-01 3.81056519e-01 2.49586297e-01 4.98257609e-01\n",
      "  1.20281002e-01 3.09117807e-01 2.22105049e-01 5.20953221e-01\n",
      "  3.60141502e-01 9.30893880e-02 1.83067762e-01 1.00000000e+00\n",
      "  7.29445328e-01 2.81529798e-01 3.36761423e-01 5.05015197e-01\n",
      "  2.02828062e-01 2.21724842e-01 3.48918510e-01 4.52844687e-01\n",
      "  3.05152190e-01 1.66043317e-01 3.44590282e-01 2.16847776e-01\n",
      "  6.49075165e-03 5.87735729e-01]\n",
      " [2.94965861e-01 3.27810948e-01 3.81384080e-02 4.15600929e-01\n",
      "  1.85371591e-01 4.10639283e-01 3.21688353e-01 4.93371380e-01\n",
      "  1.50202309e-01 3.35656627e-01 2.55655390e-01 5.65647353e-01\n",
      "  3.68926724e-01 5.98701162e-02 2.71874645e-01 7.29445328e-01\n",
      "  1.00000000e+00 2.41677203e-01 3.07243130e-01 3.89175713e-01\n",
      "  2.64417652e-01 2.09131156e-01 4.62065087e-01 4.22783201e-01\n",
      "  3.10163338e-01 1.13837456e-01 3.26502852e-01 2.49255165e-01\n",
      "  5.32992136e-02 6.52755780e-01]\n",
      " [1.19531505e-01 1.88070695e-01 6.78008346e-02 1.33448914e-01\n",
      "  1.15642291e-01 2.82275236e-01 9.73877404e-02 3.18889760e-01\n",
      "  2.77002469e-01 2.04444507e-01 3.03630769e-02 1.33801949e-01\n",
      "  3.31272654e-01 6.36773063e-02 0.00000000e+00 2.81529798e-01\n",
      "  2.41677203e-01 1.00000000e+00 2.94121829e-01 2.76905798e-01\n",
      "  2.19146476e-02 2.51598682e-01 1.42761141e-01 1.36590004e-01\n",
      "  1.83072506e-01 3.89696977e-02 1.54630031e-01 2.96701875e-01\n",
      "  1.64925743e-01 2.16186297e-01]\n",
      " [1.80567823e-01 2.89846681e-01 3.06510274e-01 2.83516571e-01\n",
      "  2.59569371e-01 2.06640277e-01 3.53276880e-01 2.72493939e-01\n",
      "  3.28147496e-01 1.03385889e-01 4.14471577e-01 3.56760659e-01\n",
      "  3.02857904e-01 2.55581797e-01 9.34125807e-03 3.36761423e-01\n",
      "  3.07243130e-01 2.94121829e-01 1.00000000e+00 5.55942654e-01\n",
      "  3.18034489e-01 1.18145643e-01 2.95817467e-01 2.69274298e-01\n",
      "  1.82393520e-01 1.84743783e-01 1.63836410e-01 4.23732596e-01\n",
      "  1.48648062e-01 4.56721551e-01]\n",
      " [2.30113814e-01 1.93537951e-01 1.71456583e-01 4.44256448e-01\n",
      "  2.18271899e-01 2.54281815e-01 3.54863441e-01 2.64506530e-01\n",
      "  2.72521283e-01 6.16725055e-02 3.42917745e-01 4.38475079e-01\n",
      "  2.73207300e-01 2.27532448e-01 2.06825699e-02 5.05015197e-01\n",
      "  3.89175713e-01 2.76905798e-01 5.55942654e-01 1.00000000e+00\n",
      "  2.56544755e-01 8.42271888e-02 3.53988947e-01 5.23200305e-01\n",
      "  1.12055169e-01 1.70547136e-01 1.37017652e-01 2.72072909e-01\n",
      "  1.52637604e-01 5.20259015e-01]\n",
      " [4.21235716e-01 1.41715168e-01 3.37811325e-01 3.27945183e-01\n",
      "  2.41387158e-01 3.86130716e-01 5.05134863e-01 3.42243927e-01\n",
      "  3.05362951e-01 4.56442332e-02 5.67739544e-01 5.38824062e-01\n",
      "  2.36934007e-01 2.94329849e-01 3.85134478e-01 2.02828062e-01\n",
      "  2.64417652e-01 2.19146476e-02 3.18034489e-01 2.56544755e-01\n",
      "  1.00000000e+00 8.84469607e-02 2.55899026e-01 2.28156904e-01\n",
      "  1.39480951e-01 3.31432345e-01 9.62221916e-02 1.87811342e-01\n",
      "  2.14688929e-01 4.80686764e-01]\n",
      " [1.47428132e-01 0.00000000e+00 0.00000000e+00 9.21658080e-02\n",
      "  1.83923747e-02 2.18930668e-01 1.22062383e-01 2.00808316e-01\n",
      "  6.15953138e-02 2.53905677e-01 2.71173213e-02 1.67399595e-01\n",
      "  1.90091232e-01 1.71507625e-01 1.17171607e-01 2.21724842e-01\n",
      "  2.09131156e-01 2.51598682e-01 1.18145643e-01 8.42271888e-02\n",
      "  8.84469607e-02 1.00000000e+00 1.48268458e-01 7.24701147e-02\n",
      "  5.05974320e-04 1.91916997e-02 2.51629438e-01 1.64251828e-01\n",
      "  9.72084897e-02 1.81446838e-01]\n",
      " [1.48406245e-01 4.63173229e-02 1.31524862e-01 3.00708948e-01\n",
      "  9.99961666e-02 3.72182027e-01 3.85178075e-01 3.23864454e-01\n",
      "  2.84436205e-01 1.86525973e-01 1.94261476e-01 4.98004569e-01\n",
      "  1.98239134e-01 5.97867363e-02 2.03777704e-01 3.48918510e-01\n",
      "  4.62065087e-01 1.42761141e-01 2.95817467e-01 3.53988947e-01\n",
      "  2.55899026e-01 1.48268458e-01 1.00000000e+00 3.43080687e-01\n",
      "  4.19624801e-02 8.15673490e-02 3.10537971e-01 3.64780066e-01\n",
      "  9.40535769e-02 5.84799254e-01]\n",
      " [2.18584550e-01 1.06869094e-01 1.32684957e-01 3.18216887e-01\n",
      "  1.72182710e-01 2.15200051e-01 2.49699663e-01 2.00111809e-01\n",
      "  2.42993899e-01 2.75294094e-02 2.42399101e-01 4.16630071e-01\n",
      "  2.03920292e-01 4.43080559e-02 9.87831448e-02 4.52844687e-01\n",
      "  4.22783201e-01 1.36590004e-01 2.69274298e-01 5.23200305e-01\n",
      "  2.28156904e-01 7.24701147e-02 3.43080687e-01 1.00000000e+00\n",
      "  2.15880280e-01 1.38969067e-01 1.72299082e-01 1.99350300e-01\n",
      "  1.47955955e-01 4.21036412e-01]\n",
      " [1.46985322e-01 4.83657204e-01 3.46625553e-03 2.21822419e-01\n",
      "  2.55214255e-01 8.56948073e-02 1.52496746e-01 2.05195517e-01\n",
      "  2.77617580e-01 9.56555622e-02 1.70472566e-01 2.19179572e-01\n",
      "  3.61227566e-01 0.00000000e+00 1.60186541e-01 3.05152190e-01\n",
      "  3.10163338e-01 1.83072506e-01 1.82393520e-01 1.12055169e-01\n",
      "  1.39480951e-01 5.05974320e-04 4.19624801e-02 2.15880280e-01\n",
      "  1.00000000e+00 1.06436443e-01 1.39601433e-01 3.50041562e-01\n",
      "  1.72014013e-01 2.22595225e-01]\n",
      " [2.41376581e-01 8.63525796e-02 1.60010352e-01 1.60052447e-01\n",
      "  3.55223295e-01 2.84174164e-01 2.83495958e-01 3.28936287e-01\n",
      "  1.82069578e-01 4.19157319e-02 2.86261603e-01 2.65347334e-01\n",
      "  2.51482454e-01 1.07970167e-01 1.95451761e-01 1.66043317e-01\n",
      "  1.13837456e-01 3.89696977e-02 1.84743783e-01 1.70547136e-01\n",
      "  3.31432345e-01 1.91916997e-02 8.15673490e-02 1.38969067e-01\n",
      "  1.06436443e-01 1.00000000e+00 1.29586033e-01 9.02448372e-02\n",
      "  1.76893855e-01 3.13110762e-01]\n",
      " [1.03356161e-01 4.43982012e-02 1.69389010e-02 1.04347051e-01\n",
      "  1.54835073e-01 2.44764837e-01 3.26347627e-01 2.95434949e-01\n",
      "  3.02744897e-01 3.51630076e-01 7.38211904e-02 2.58961438e-01\n",
      "  3.73516237e-01 0.00000000e+00 2.51703647e-01 3.44590282e-01\n",
      "  3.26502852e-01 1.54630031e-01 1.63836410e-01 1.37017652e-01\n",
      "  9.62221916e-02 2.51629438e-01 3.10537971e-01 1.72299082e-01\n",
      "  1.39601433e-01 1.29586033e-01 1.00000000e+00 2.87217949e-01\n",
      "  1.00901678e-01 3.31119495e-01]\n",
      " [2.72165730e-02 2.85401384e-01 1.38784851e-01 6.72400581e-02\n",
      "  9.73496922e-02 1.08675839e-01 3.03529163e-01 2.31242895e-01\n",
      "  5.26431015e-01 1.04096361e-01 1.68707055e-01 3.46421401e-01\n",
      "  4.05579380e-01 2.44519460e-02 8.69347567e-02 2.16847776e-01\n",
      "  2.49255165e-01 2.96701875e-01 4.23732596e-01 2.72072909e-01\n",
      "  1.87811342e-01 1.64251828e-01 3.64780066e-01 1.99350300e-01\n",
      "  3.50041562e-01 9.02448372e-02 2.87217949e-01 1.00000000e+00\n",
      "  4.59903502e-01 4.10162675e-01]\n",
      " [6.14429147e-03 1.43435769e-01 2.77671072e-01 0.00000000e+00\n",
      "  3.45191026e-02 2.90000859e-02 1.62182694e-01 1.27640860e-01\n",
      "  4.76375812e-01 0.00000000e+00 1.96089811e-01 1.57934839e-01\n",
      "  3.40110939e-01 0.00000000e+00 5.42089259e-02 6.49075165e-03\n",
      "  5.32992136e-02 1.64925743e-01 1.48648062e-01 1.52637604e-01\n",
      "  2.14688929e-01 9.72084897e-02 9.40535769e-02 1.47955955e-01\n",
      "  1.72014013e-01 1.76893855e-01 1.00901678e-01 4.59903502e-01\n",
      "  1.00000000e+00 1.54292213e-01]\n",
      " [3.83091723e-01 2.02987589e-01 1.50249234e-01 4.34250334e-01\n",
      "  3.29007603e-01 5.31323922e-01 5.98249206e-01 5.66764517e-01\n",
      "  3.33263636e-01 2.08342906e-01 3.69552753e-01 7.68272836e-01\n",
      "  4.49121890e-01 1.46891105e-01 3.57369654e-01 5.87735729e-01\n",
      "  6.52755780e-01 2.16186297e-01 4.56721551e-01 5.20259015e-01\n",
      "  4.80686764e-01 1.81446838e-01 5.84799254e-01 4.21036412e-01\n",
      "  2.22595225e-01 3.13110762e-01 3.31119495e-01 4.10162675e-01\n",
      "  1.54292213e-01 1.00000000e+00]]\n"
     ]
    },
    {
     "data": {
