{
 "cells": [
  {
   "cell_type": "code",
   "execution_count": 10,
   "metadata": {},
   "outputs": [
    {
     "name": "stdout",
     "output_type": "stream",
     "text": [
      "interClusLib Path: /Users/jiashuchen/Desktop/InterClusLib/examples/../interClusLib/__init__.py\n",
      "\n",
      " Random Interval Data:\n",
      "    feature_1_lower  feature_1_upper  feature_2_lower  feature_2_upper  \\\n",
      "0          2.434310         3.030369         0.763350         2.239479   \n",
      "1         -0.247213         0.895133        -5.655832        -4.299411   \n",
      "2          4.569429         4.669429         2.840542         5.100403   \n",
      "3          0.287266         0.759486        -5.352876        -5.252876   \n",
      "4          5.104281         5.204281         0.710939         1.853487   \n",
      "5          8.332168        11.224495         0.563962         2.360176   \n",
      "6          7.159706        10.936216        -0.390838         1.310484   \n",
      "7          4.337084         4.920739         3.847608         5.586053   \n",
      "8          8.591957         8.845618        -5.689610        -3.219704   \n",
      "9          8.259112        11.514402        -0.807307         0.564250   \n",
      "10         0.716840         2.231036        -5.221365        -3.367782   \n",
      "11         5.744746         6.398117         2.175663         3.852313   \n",
      "12         7.995794        10.393469        -1.235567         1.525330   \n",
      "13         8.314058         9.163573        -5.846100        -4.450796   \n",
      "14         8.278653         9.874199        -5.161632        -2.112362   \n",
      "15         6.454443         8.042918        -5.713011        -2.122924   \n",
      "16         8.621365        10.381643         1.352725         1.452725   \n",
      "17         8.295463        10.450770         0.347452         2.266294   \n",
      "18         9.151720        11.127247        -5.089636        -3.220343   \n",
      "19         3.352905         4.002607         2.876547         3.951527   \n",
      "20         5.418005         8.974341        -0.225346        -0.125346   \n",
      "21         1.150052         2.404900        -5.139619        -5.039619   \n",
      "22         8.396643         9.616407        -6.365937        -4.024995   \n",
      "23         1.820255         2.432147        -3.946931        -2.956184   \n",
      "24         1.780632         3.314280        -4.051804        -3.951804   \n",
      "25         3.068524         3.168524         0.918822         3.448933   \n",
      "26        10.156738        10.499996         0.394780         2.081380   \n",
      "27         7.790321         9.669287        -4.963851        -3.736666   \n",
      "28         0.385373         2.085552        -4.051924        -3.951924   \n",
      "29         2.582830         2.935702         4.308627         6.374725   \n",
      "\n",
      "    feature_3_lower  feature_3_upper  feature_4_lower  feature_4_upper  \\\n",
      "0        -10.046110        -6.230127        -1.654187         0.133588   \n",
      "1          7.845134         8.437351        -4.350019        -3.801474   \n",
      "2        -10.435798        -9.170628         0.004067         2.056059   \n",
      "3          8.803802        10.255396        -2.849971        -2.450456   \n",
      "4         -9.924278        -6.275824        -4.141641        -0.956601   \n",
      "5         -9.515359        -7.347023        -8.424233        -7.175660   \n",
      "6        -12.836116       -10.475781        -8.492836        -8.392836   \n",
      "7         -8.421653        -6.228272        -2.280497         0.722164   \n",
      "8          0.318546         2.848029        -1.705171         1.792502   \n",
      "9        -12.457452        -8.936584        -8.805244        -6.724735   \n",
      "10         6.329251         6.995834        -5.906902        -5.532744   \n",
      "11        -9.426673        -6.223666        -2.500942         0.714485   \n",
      "12       -10.982582        -9.213061        -7.754190        -7.202281   \n",
      "13         1.884703         4.407428         2.311417         4.133511   \n",
      "14         0.121277         1.674233        -2.266750         2.881463   \n",
      "15        -1.250581         1.755460        -0.399826         1.671842   \n",
      "16       -10.796224        -8.297042        -8.894975        -8.093795   \n",
      "17       -10.741114        -7.347779        -6.939399        -6.839399   \n",
      "18         0.537786         3.564813         0.204999         1.010491   \n",
      "19       -10.934036        -7.405230        -1.445719         1.449684   \n",
      "20       -13.354622       -11.621000        -9.656333        -7.454332   \n",
      "21         8.849975         9.842064        -5.319558        -2.597552   \n",
      "22         1.250956         2.175017         0.230715         2.190981   \n",
      "23         8.303082        10.169147        -4.871941        -3.510343   \n",
      "24         8.618580        10.932706        -5.671453        -2.758381   \n",
      "25       -10.376300        -7.649992        -2.119668         0.464124   \n",
      "26       -11.386116       -10.399918        -8.324596        -8.224596   \n",
      "27        -1.149898         2.319229         0.420915         2.991364   \n",
      "28         9.694269        10.858359        -4.857759        -0.962487   \n",
      "29        -9.903002        -7.784702        -2.490596         1.144851   \n",
      "\n",
      "    feature_5_lower  feature_5_upper  \n",
      "0          2.606892         6.052175  \n",
      "1         -0.817142        -0.396372  \n",
      "2          3.599145         6.765691  \n",
      "3         -3.387960        -1.776098  \n",
      "4          1.860545         6.615851  \n",
      "5          4.203344         5.528785  \n",
      "6          4.811241         4.911241  \n",
      "7          5.145398         6.245585  \n",
      "8         11.503587        11.603587  \n",
      "9          5.054805         6.225862  \n",
      "10        -0.924627         0.493567  \n",
      "11         3.021824         7.128917  \n",
      "12         4.077537         5.564574  \n",
      "13        10.667947        10.767947  \n",
      "14        10.687104        10.787104  \n",
      "15         8.550771        10.802434  \n",
      "16         3.553045         3.923890  \n",
      "17         2.964395         3.064395  \n",
      "18        10.211353        10.553968  \n",
      "19         4.657237         7.280980  \n",
      "20         4.232467         6.000583  \n",
      "21        -2.753197         0.542844  \n",
      "22        10.349487        10.449487  \n",
      "23        -2.309893        -1.175523  \n",
      "24        -0.678401         0.073247  \n",
      "25         1.556215         5.595501  \n",
      "26         4.834940         5.664863  \n",
      "27         9.570257        11.086423  \n",
      "28        -1.726577         0.912867  \n",
      "29         3.724679         9.239733  \n",
      "Data Summary:\n",
      "       feature_1_lower  feature_1_upper  feature_2_lower  feature_2_upper  \\\n",
      "count        30.000000        30.000000        30.000000        30.000000   \n",
      "mean          5.276782         6.638896        -1.793606        -0.262172   \n",
      "std           3.226277         3.700940         3.445665         3.574771   \n",
      "min          -0.247213         0.759486        -6.365937        -5.252876   \n",
      "25%           2.471440         3.064908        -5.156129        -3.644445   \n",
      "50%           5.581376         7.220517        -1.021437         0.219452   \n",
      "75%           8.291260        10.254782         0.750248         2.259591   \n",
      "max          10.156738        11.514402         4.308627         6.374725   \n",
      "\n",
      "       feature_3_lower  feature_3_upper  feature_4_lower  feature_4_upper  \\\n",
      "count        30.000000        30.000000        30.000000        30.000000   \n",
      "mean         -3.712685        -1.479052        -3.965077        -1.977352   \n",
      "std           8.208391         7.794579         3.355928         4.033838   \n",
      "min         -13.354622       -11.621000        -9.656333        -8.392836   \n",
      "25%         -10.664785        -7.751025        -6.681275        -6.426738   \n",
      "50%          -8.924163        -6.225969        -3.495806        -0.959544   \n",
      "75%           1.726266         4.196774        -1.666933         1.373475   \n",
      "max           9.694269        10.932706         2.311417         4.133511   \n",
      "\n",
      "       feature_5_lower  feature_5_upper  \n",
      "count        30.000000        30.000000  \n",
      "mean          3.961547         5.684470  \n",
      "std           4.305096         4.012062  \n",
      "min          -3.387960        -1.776098  \n",
      "25%           1.632298         3.279269  \n",
      "50%           3.901108         6.026379  \n",
      "75%           5.122750         8.750045  \n",
      "max          11.503587        11.603587  \n",
      "\n",
      "Interval column pairs:\n",
      "- feature_1_lower / feature_1_upper\n",
      "- feature_2_lower / feature_2_upper\n",
      "- feature_3_lower / feature_3_upper\n",
      "- feature_4_lower / feature_4_upper\n",
      "- feature_5_lower / feature_5_upper\n",
      "\n",
      "Feature names:\n",
      "- feature_1\n",
      "- feature_2\n",
      "- feature_3\n",
      "- feature_4\n",
      "- feature_5\n",
      "\n",
      "All columns:\n",
      "['feature_1_lower', 'feature_1_upper', 'feature_2_lower', 'feature_2_upper', 'feature_3_lower', 'feature_3_upper', 'feature_4_lower', 'feature_4_upper', 'feature_5_lower', 'feature_5_upper']\n",
      "\n",
      "Has missing values:\n",
      "False\n"
     ]
    }
   ],
   "source": [
    "import numpy as np\n",
    "import pandas as pd\n",
    "import sys\n",
    "import os\n",
    "import matplotlib.pyplot as plt\n",
    "import matplotlib.patches as patches\n",
    "from mpl_toolkits.mplot3d.art3d import Poly3DCollection\n",
    "\n",
    "# 获取当前目录\n",
    "current_dir = os.getcwd()\n",
    "\n",
    "# 添加 `interClusLib` 的上级目录到 Python 路径\n",
    "sys.path.append(os.path.join(current_dir, \"..\"))\n",
    "\n",
    "import interClusLib\n",
    "from interClusLib.IntervalData import IntervalData\n",
    "from interClusLib.metric import *\n",
    "from interClusLib.clustering.IntervalKMeans import IntervalKMeans\n",
    "from interClusLib.visualization.HeatMap import HeatMap\n",
    "from interClusLib.visualization.Interval2d import Interval2d\n",
    "from interClusLib.visualization.Interval3d import Interval3d\n",
    "from interClusLib.visualization.IntervalParallelCoordinates import IntervalParallelCoordinates\n",
    "from interClusLib.visualization.IntervalRadarChart import IntervalRadarChart\n",
    "\n",
    "print(\"interClusLib Path:\", interClusLib.__file__)\n",
    "\n",
    "random_data = IntervalData.make_interval_blobs(n_samples=30, n_clusters=4, n_dims = 5)\n",
    "print(\"\\n Random Interval Data:\")\n",
    "print(random_data.data)\n",
    "random_data.summary()"
   ]
  },
  {
   "cell_type": "code",
   "execution_count": 11,
   "metadata": {},
   "outputs": [
    {
     "name": "stdout",
     "output_type": "stream",
     "text": [
      "<class 'interClusLib.IntervalData.IntervalData'>\n",
      "<class 'pandas.core.frame.DataFrame'>\n",
      "(30, 10)\n",
      "30\n"
     ]
    }
   ],
   "source": [
    "print(type(random_data))      \n",
    "print(type(random_data.data))  \n",
    "print(random_data.data.shape)  \n",
    "print(random_data.get_intervals().shape[0])"
   ]
  },
  {
   "cell_type": "code",
   "execution_count": 12,
   "metadata": {},
   "outputs": [
    {
     "name": "stdout",
     "output_type": "stream",
     "text": [
      "30\n",
      "[[1.         0.         0.1665834  0.         0.51139369 0.35494738\n",
      "  0.04740711 0.28372478 0.10222653 0.09075315 0.         0.41660947\n",
      "  0.16523506 0.         0.06945224 0.03207515 0.11168773 0.27929501\n",
      "  0.         0.27373636 0.1026398  0.         0.         0.\n",
      "  0.07773098 0.48526403 0.19107651 0.         0.02771594 0.3979576 ]\n",
      " [0.         1.         0.         0.09742029 0.02004859 0.\n",
      "  0.         0.         0.1098358  0.         0.15431618 0.\n",
      "  0.         0.15582135 0.04866532 0.07556477 0.         0.\n",
      "  0.06489247 0.         0.         0.08058101 0.11588674 0.0921286\n",
      "  0.10101068 0.         0.         0.06924258 0.10375232 0.        ]\n",
      " [0.1665834  0.         1.         0.         0.15923504 0.10603679\n",
      "  0.00631603 0.22813456 0.09509843 0.14583121 0.         0.26672265\n",
      "  0.22888503 0.         0.07971669 0.1358187  0.12146339 0.07456788\n",
      "  0.07850824 0.36393959 0.11167472 0.         0.16693329 0.\n",
      "  0.         0.21433486 0.05565724 0.10947314 0.         0.25806463]\n",
      " [0.         0.09742029 0.         1.         0.02508698 0.\n",
      "  0.         0.         0.00809747 0.         0.00438802 0.00283278\n",
      "  0.         0.01433379 0.         0.0055709  0.         0.\n",
      "  0.         0.         0.         0.20400036 0.00854357 0.18812349\n",
      "  0.13114208 0.         0.         0.         0.11674322 0.00200961]\n",
      " [0.51139369 0.02004859 0.15923504 0.02508698 1.         0.30182643\n",
      "  0.05763346 0.21682681 0.02522925 0.08120845 0.         0.37032972\n",
      "  0.14549087 0.         0.03730969 0.         0.10509705 0.23869425\n",
      "  0.         0.19791851 0.07436391 0.07078175 0.         0.03224743\n",
      "  0.05867672 0.37734378 0.17039046 0.         0.16298514 0.25251506]\n",
      " [0.35494738 0.         0.10603679 0.         0.30182643 1.\n",
      "  0.20225614 0.10293073 0.01754026 0.3672652  0.         0.20212378\n",
      "  0.4644612  0.05713268 0.10469205 0.         0.2419367  0.44154603\n",
      "  0.13660464 0.17429131 0.24457246 0.         0.08434479 0.\n",
      "  0.         0.28870498 0.28911611 0.07787141 0.         0.18348658]\n",
      " [0.04740711 0.         0.00631603 0.         0.05763346 0.20225614\n",
      "  1.         0.         0.01343361 0.32439861 0.         0.00486962\n",
      "  0.2916485  0.04498938 0.08449842 0.03941349 0.1323049  0.19629831\n",
      "  0.08995475 0.02449861 0.1823357  0.         0.06459739 0.\n",
      "  0.         0.02535162 0.18486934 0.09950803 0.         0.00362644]\n",
      " [0.28372478 0.         0.22813456 0.         0.21682681 0.10293073\n",
      "  0.         1.         0.11919151 0.18147155 0.         0.37665289\n",
      "  0.03866847 0.         0.11580539 0.056776   0.00545588 0.04759194\n",
      "  0.03142911 0.25096842 0.08496116 0.         0.02198149 0.\n",
      "  0.         0.22850309 0.07364928 0.01142856 0.04724115 0.34084962]\n",
      " [0.10222653 0.1098358  0.09509843 0.00809747 0.02522925 0.01754026\n",
      "  0.01343361 0.11919151 1.         0.01558454 0.15009338 0.11271395\n",
      "  0.02115891 0.20117399 0.37568232 0.32617286 0.02506055 0.02353826\n",
      "  0.33975655 0.1655617  0.0142653  0.00809747 0.30064211 0.05320995\n",
      "  0.00809747 0.1108998  0.         0.28486556 0.03043294 0.13308224]\n",
      " [0.09075315 0.         0.14583121 0.         0.08120845 0.3672652\n",
      "  0.32439861 0.18147155 0.01558454 1.         0.         0.07274974\n",
      "  0.42170284 0.05219284 0.09802787 0.         0.26310973 0.2267708\n",
      "  0.12137331 0.16833841 0.26296459 0.         0.0749404  0.\n",
      "  0.         0.083053   0.18617589 0.07573281 0.         0.08383166]\n",
      " [0.         0.15431618 0.         0.00438802 0.         0.\n",
      "  0.         0.         0.15009338 0.         1.         0.\n",
      "  0.         0.06218483 0.11539709 0.10326116 0.         0.\n",
      "  0.17209738 0.         0.         0.2249184  0.07980708 0.09903081\n",
      "  0.16028228 0.         0.         0.13241229 0.26656801 0.        ]\n",
      " [0.41660947 0.         0.26672265 0.00283278 0.37032972 0.20212378\n",
      "  0.00486962 0.37665289 0.11271395 0.07274974 0.         1.\n",
      "  0.08139046 0.         0.11077704 0.0534085  0.06746792 0.09925466\n",
      "  0.02901864 0.42114584 0.12284461 0.         0.02062138 0.\n",
      "  0.         0.42545761 0.04041416 0.01069022 0.05521852 0.37457502]\n",
      " [0.16523506 0.         0.22888503 0.         0.14549087 0.4644612\n",
      "  0.2916485  0.03866847 0.02115891 0.42170284 0.         0.08139046\n",
      "  1.         0.07086151 0.1330911  0.00239263 0.27197879 0.32226927\n",
      "  0.07930816 0.15286261 0.20955808 0.         0.10174556 0.\n",
      "  0.         0.16933282 0.23263358 0.12857457 0.         0.09707635]\n",
      " [0.         0.15582135 0.         0.01433379 0.         0.05713268\n",
      "  0.04498938 0.         0.20117399 0.05219284 0.06218483 0.\n",
      "  0.07086151 1.         0.29806603 0.07668543 0.05244839 0.07883\n",
      "  0.13633753 0.         0.03525674 0.01433379 0.25537996 0.\n",
      "  0.         0.         0.         0.2045258  0.         0.        ]\n",
      " [0.06945224 0.04866532 0.07971669 0.         0.03730969 0.10469205\n",
      "  0.08449842 0.11580539 0.37568232 0.09802787 0.11539709 0.11077704\n",
      "  0.1330911  0.29806603 1.         0.36147246 0.11914784 0.14536383\n",
      "  0.27062797 0.11248187 0.03122342 0.00655895 0.32371333 0.06498259\n",
      "  0.00655895 0.10037626 0.         0.41026826 0.04026422 0.12701278]\n",
      " [0.03207515 0.07556477 0.1358187  0.0055709  0.         0.\n",
      "  0.03941349 0.056776   0.32617286 0.         0.10326116 0.0534085\n",
      "  0.00239263 0.07668543 0.36147246 1.         0.         0.\n",
      "  0.26290536 0.11865106 0.08933211 0.0055709  0.22915338 0.05519349\n",
      "  0.0055709  0.04557287 0.         0.41781669 0.0055709  0.0936882 ]\n",
      " [0.11168773 0.         0.12146339 0.         0.10509705 0.2419367\n",
      "  0.1323049  0.00545588 0.02506055 0.26310973 0.         0.06746792\n",
      "  0.27197879 0.05244839 0.11914784 0.         1.         0.31551568\n",
      "  0.09816284 0.14164458 0.08699085 0.         0.10025612 0.\n",
      "  0.         0.15844117 0.08642336 0.08087934 0.         0.11366058]\n",
      " [0.27929501 0.         0.07456788 0.         0.23869425 0.44154603\n",
      "  0.19629831 0.04759194 0.02353826 0.2267708  0.         0.09925466\n",
      "  0.32226927 0.07883    0.14536383 0.         0.31551568 1.\n",
      "  0.09174777 0.18603707 0.02697835 0.         0.113187   0.\n",
      "  0.         0.25252954 0.21936667 0.10327767 0.         0.12485057]\n",
      " [0.         0.06489247 0.07850824 0.         0.         0.13660464\n",
      "  0.08995475 0.03142911 0.33975655 0.12137331 0.17209738 0.02901864\n",
      "  0.07930816 0.13633753 0.27062797 0.26290536 0.09816284 0.09174777\n",
      "  1.         0.05563934 0.         0.00521211 0.29968292 0.06811387\n",
      "  0.01069923 0.01655662 0.03475107 0.32540319 0.01069923 0.04431321]\n",
      " [0.27373636 0.         0.36393959 0.         0.19791851 0.17429131\n",
      "  0.02449861 0.25096842 0.1655617  0.16833841 0.         0.42114584\n",
      "  0.15286261 0.         0.11248187 0.11865106 0.14164458 0.18603707\n",
      "  0.05563934 1.         0.08813117 0.         0.06703707 0.\n",
      "  0.         0.3320574  0.09009673 0.0463714  0.0153226  0.34669764]\n",
      " [0.1026398  0.         0.11167472 0.         0.07436391 0.24457246\n",
      "  0.1823357  0.08496116 0.0142653  0.26296459 0.         0.12284461\n",
      "  0.20955808 0.03525674 0.03122342 0.08933211 0.08699085 0.02697835\n",
      "  0.         0.08813117 1.         0.         0.02751988 0.\n",
      "  0.         0.06133762 0.10295925 0.05570176 0.         0.06411962]\n",
      " [0.         0.08058101 0.         0.20400036 0.07078175 0.\n",
      "  0.         0.         0.00809747 0.         0.2249184  0.\n",
      "  0.         0.01433379 0.00655895 0.0055709  0.         0.\n",
      "  0.00521211 0.         0.         1.         0.00854357 0.36640705\n",
      "  0.35568099 0.         0.         0.         0.334919   0.        ]\n",
      " [0.         0.11588674 0.16693329 0.00854357 0.         0.08434479\n",
      "  0.06459739 0.02198149 0.30064211 0.0749404  0.07980708 0.02062138\n",
      "  0.10174556 0.25537996 0.32371333 0.22915338 0.10025612 0.113187\n",
      "  0.29968292 0.06703707 0.02751988 0.00854357 1.         0.\n",
      "  0.00222098 0.01082941 0.         0.39594927 0.002231   0.03905247]\n",
      " [0.         0.0921286  0.         0.18812349 0.03224743 0.\n",
      "  0.         0.         0.05320995 0.         0.09903081 0.\n",
      "  0.         0.         0.06498259 0.05519349 0.         0.\n",
      "  0.06811387 0.         0.         0.36640705 0.         1.\n",
      "  0.29120847 0.         0.         0.02094623 0.16622055 0.        ]\n",
      " [0.07773098 0.10101068 0.         0.13114208 0.05867672 0.\n",
      "  0.         0.         0.00809747 0.         0.16028228 0.\n",
      "  0.         0.         0.00655895 0.0055709  0.         0.\n",
      "  0.01069923 0.         0.         0.35568099 0.00222098 0.29120847\n",
      "  1.         0.01304081 0.         0.01629745 0.46707108 0.04601742]\n",
      " [0.48526403 0.         0.21433486 0.         0.37734378 0.28870498\n",
      "  0.02535162 0.22850309 0.1108998  0.083053   0.         0.42545761\n",
      "  0.16933282 0.         0.10037626 0.04557287 0.15844117 0.25252954\n",
      "  0.01655662 0.3320574  0.06133762 0.         0.01082941 0.\n",
      "  0.01304081 1.         0.11315213 0.00169081 0.04348766 0.34623838]\n",
      " [0.19107651 0.         0.05565724 0.         0.17039046 0.28911611\n",
      "  0.18486934 0.07364928 0.         0.18617589 0.         0.04041416\n",
      "  0.23263358 0.         0.         0.         0.08642336 0.21936667\n",
      "  0.03475107 0.09009673 0.10295925 0.         0.         0.\n",
      "  0.         0.11315213 1.         0.         0.         0.03009666]\n",
      " [0.         0.06924258 0.10947314 0.         0.         0.07787141\n",
      "  0.09950803 0.01142856 0.28486556 0.07573281 0.13241229 0.01069022\n",
      "  0.12857457 0.2045258  0.41026826 0.41781669 0.08087934 0.10327767\n",
      "  0.32540319 0.0463714  0.05570176 0.         0.39594927 0.02094623\n",
      "  0.01629745 0.00169081 0.         1.         0.01629745 0.02641157]\n",
      " [0.02771594 0.10375232 0.         0.11674322 0.16298514 0.\n",
      "  0.         0.04724115 0.03043294 0.         0.26656801 0.05521852\n",
      "  0.         0.         0.04026422 0.0055709  0.         0.\n",
      "  0.01069923 0.0153226  0.         0.334919   0.002231   0.16622055\n",
      "  0.46707108 0.04348766 0.         0.01629745 1.         0.05091482]\n",
      " [0.3979576  0.         0.25806463 0.00200961 0.25251506 0.18348658\n",
      "  0.00362644 0.34084962 0.13308224 0.08383166 0.         0.37457502\n",
      "  0.09707635 0.         0.12701278 0.0936882  0.11366058 0.12485057\n",
      "  0.04431321 0.34669764 0.06411962 0.         0.03905247 0.\n",
      "  0.04601742 0.34623838 0.03009666 0.02641157 0.05091482 1.        ]]\n"
     ]
    },
    {
     "data": {
