{
 "cells": [
  {
   "cell_type": "code",
   "execution_count": 8,
   "metadata": {},
   "outputs": [
    {
     "name": "stdout",
     "output_type": "stream",
     "text": [
      "interClusLib Path: /Users/jiashuchen/Desktop/InterClusLib/examples/../interClusLib/__init__.py\n",
      "\n",
      " Random Interval Data:\n",
      "    feature_1_lower  feature_1_upper  feature_2_lower  feature_2_upper  \\\n",
      "0         12.136909        51.414475        37.948474        51.190193   \n",
      "1          9.457843        16.574199        25.746006        32.181753   \n",
      "2         11.077496        32.443367        80.180454        97.852059   \n",
      "3         19.114822        83.774419        60.721195        82.147611   \n",
      "4          0.194614        30.748330         9.044278        27.347681   \n",
      "5         26.961715        89.854422         9.936954        96.249399   \n",
      "6         39.346120        64.251302        41.613463        85.495535   \n",
      "7          0.568856        98.739332        20.852943        71.194577   \n",
      "8         47.857798        92.707355        26.939355        59.591000   \n",
      "9         67.064293        67.974857        51.659072        87.620877   \n",
      "10        59.016570        78.539198        49.299044        79.494352   \n",
      "11        12.364816        89.664016        25.427734        30.311695   \n",
      "12         5.506388        81.439003        43.416026        94.862793   \n",
      "13        43.734928        91.420207        28.498051        47.600233   \n",
      "14         4.496406        48.953267        21.592419        70.944169   \n",
      "15        11.876116        40.474233        64.882138        69.750656   \n",
      "16         2.752602        93.074321        46.090834        82.709183   \n",
      "17        77.471954        86.360290        24.753366        29.536383   \n",
      "18        21.606020        82.193628         7.255074        37.700806   \n",
      "19        20.262148        69.557056        48.401990        90.963042   \n",
      "20        23.954689        99.357395        33.815799        55.394330   \n",
      "21        43.358984        61.047381        50.991147        94.505614   \n",
      "22        16.516101        77.816828        83.500288        84.683192   \n",
      "23        30.115360        59.658249        73.866199        81.027064   \n",
      "24        32.720984        98.845014        62.546307        89.984326   \n",
      "25        28.154691        47.158359         3.972614        53.992707   \n",
      "26        27.760485        83.312124        10.490055        97.420434   \n",
      "27         9.212961        15.301920        58.297494        94.463398   \n",
      "28        32.612560        78.982688        68.924410        78.430531   \n",
      "29        15.809008        25.698040        10.333346        77.824008   \n",
      "\n",
      "    feature_3_lower  feature_3_upper  \n",
      "0         82.909741        94.502766  \n",
      "1         64.787542        65.502130  \n",
      "2          6.945338        41.172644  \n",
      "3         26.334176        60.183865  \n",
      "4         53.350123        55.723038  \n",
      "5         54.897468        68.849469  \n",
      "6         67.261993        97.514942  \n",
      "7         60.583124        75.747826  \n",
      "8         36.479441        42.885525  \n",
      "9         31.507215        37.155225  \n",
      "10         8.074980        73.236104  \n",
      "11         0.543382        56.228204  \n",
      "12        71.626985        80.343420  \n",
      "13        74.988952        79.505523  \n",
      "14        30.695931        33.180325  \n",
      "15        81.565384        89.444503  \n",
      "16        31.693620        64.684467  \n",
      "17        54.735676        73.938433  \n",
      "18        78.170399        82.721691  \n",
      "19        35.787718        78.904949  \n",
      "20        21.367386        71.235134  \n",
      "21         7.050871        90.525965  \n",
      "22        19.681926        53.629042  \n",
      "23        30.084218        50.286910  \n",
      "24        60.241495        67.890087  \n",
      "25         4.858582        44.255857  \n",
      "26        60.957847        92.902067  \n",
      "27        61.928309        70.665871  \n",
      "28        43.529039        94.830375  \n",
      "29         5.525829        47.674756  \n",
      "Data Summary:\n",
      "       feature_1_lower  feature_1_upper  feature_2_lower  feature_2_upper  \\\n",
      "count        30.000000        30.000000        30.000000        30.000000   \n",
      "mean         25.102808        67.911176        39.366551        71.082320   \n",
      "std          19.631660        25.577428        23.131560        22.892385   \n",
      "min           0.194614        15.301920         3.972614        27.347681   \n",
      "25%          11.277151        49.568569        22.382656        54.343113   \n",
      "50%          20.934084        78.178013        39.780969        78.962441   \n",
      "75%          32.693878        88.838085        56.637889        89.393464   \n",
      "max          77.471954        99.357395        83.500288        97.852059   \n",
      "\n",
      "       feature_3_lower  feature_3_upper  \n",
      "count        30.000000        30.000000  \n",
      "mean         42.272156        67.844037  \n",
      "std          25.808950        18.588578  \n",
      "min           0.543382        33.180325  \n",
      "25%          22.609083        54.152541  \n",
      "50%          40.004240        69.757670  \n",
      "75%          61.685693        80.133946  \n",
      "max          82.909741        97.514942  \n",
      "\n",
      "Detected interval columns:\n",
      "- feature_1_lower / feature_1_upper\n",
      "- feature_2_lower / feature_2_upper\n",
      "- feature_3_lower / feature_3_upper\n"
     ]
    }
   ],
   "source": [
    "import numpy as np\n",
    "import pandas as pd\n",
    "import sys\n",
    "import os\n",
    "import matplotlib.pyplot as plt\n",
    "import matplotlib.patches as patches\n",
    "from mpl_toolkits.mplot3d.art3d import Poly3DCollection\n",
    "\n",
    "# 获取当前目录\n",
    "current_dir = os.getcwd()\n",
    "\n",
    "# 添加 `interClusLib` 的上级目录到 Python 路径\n",
    "sys.path.append(os.path.join(current_dir, \"..\"))\n",
    "\n",
    "import interClusLib\n",
    "from interClusLib.IntervalData import IntervalData\n",
    "from interClusLib.metric import *\n",
    "from interClusLib.clustering.IntervalKMeans import IntervalKMeans\n",
    "from interClusLib.visualization.HeatMap import HeatMap\n",
    "from interClusLib.visualization.Interval2d import Interval2d\n",
    "from interClusLib.visualization.Interval3d import Interval3d\n",
    "from interClusLib.visualization.IntervalParallelCoordinates import IntervalParallelCoordinates\n",
    "\n",
    "print(\"interClusLib Path:\", interClusLib.__file__)\n",
    "\n",
    "random_data = IntervalData.random_data(30, 3)\n",
    "print(\"\\n Random Interval Data:\")\n",
    "print(random_data.data)\n",
    "random_data.summary()"
   ]
  },
  {
   "cell_type": "code",
   "execution_count": 9,
   "metadata": {},
   "outputs": [
    {
     "name": "stdout",
     "output_type": "stream",
     "text": [
      "<class 'interClusLib.IntervalData.IntervalData'>\n",
      "<class 'pandas.core.frame.DataFrame'>\n",
      "(30, 6)\n",
      "30\n"
     ]
    }
   ],
   "source": [
    "print(type(random_data))      \n",
    "print(type(random_data.data))  \n",
    "print(random_data.data.shape)  \n",
    "print(random_data.get_intervals().shape[0])"
   ]
  },
  {
   "cell_type": "code",
   "execution_count": 10,
   "metadata": {},
   "outputs": [
    {
     "name": "stdout",
     "output_type": "stream",
     "text": [
      "30\n",
      "[[1.00000000e+00 3.52529912e-02 1.67806805e-01 1.50292088e-01\n",
      "  1.21121124e-01 1.56017508e-01 2.72064419e-01 2.21044213e-01\n",
      "  1.49896311e-01 0.00000000e+00 1.51731789e-02 1.67896799e-01\n",
      "  2.17954313e-01 1.74065654e-01 3.51002568e-01 4.07270531e-01\n",
      "  1.82929269e-01 0.00000000e+00 1.41830102e-01 1.98375393e-01\n",
      "  3.09494779e-01 8.51028371e-02 1.77113362e-01 1.49400353e-01\n",
      "  7.18636829e-02 2.49519353e-01 2.60846399e-01 2.49991907e-02\n",
      "  1.69084016e-01 1.49324596e-01]\n",
      " [3.52529912e-02 1.00000000e+00 7.97125284e-02 0.00000000e+00\n",
      "  1.00712394e-01 4.19269966e-02 0.00000000e+00 8.24843416e-02\n",
      "  5.16314528e-02 0.00000000e+00 3.65549359e-03 2.42825933e-01\n",
      "  3.12397841e-02 5.61859728e-02 9.68263099e-02 5.04903210e-02\n",
      "  2.62629912e-02 1.82489471e-01 7.04614056e-02 5.52438241e-03\n",
      "  4.77655556e-03 2.85349869e-03 2.83297085e-04 0.00000000e+00\n",
      "  3.11424707e-02 4.28877450e-02 3.21344077e-02 2.91894030e-01\n",
      "  4.64307738e-03 4.74915660e-02]\n",
      " [1.67806805e-01 7.97125284e-02 1.00000000e+00 1.71679922e-01\n",
      "  2.03323972e-01 8.41208248e-02 3.15031653e-02 7.25468324e-02\n",
      "  4.35279000e-02 1.08695777e-01 1.66426716e-01 2.90052484e-01\n",
      "  1.83698887e-01 0.00000000e+00 1.84394331e-01 2.33214669e-01\n",
      "  1.49858857e-01 0.00000000e+00 5.07964788e-02 1.67060457e-01\n",
      "  1.34739549e-01 2.37981694e-01 2.55311453e-01 1.13018234e-01\n",
      "  9.25616147e-02 3.29212115e-01 8.73894455e-02 1.80981203e-01\n",
      "  0.00000000e+00 4.24966286e-01]\n",
      " [1.50292088e-01 0.00000000e+00 1.71679922e-01 1.00000000e+00\n",
      "  6.97639794e-02 3.91902676e-01 2.91148821e-01 2.76505144e-01\n",
      "  2.25765988e-01 2.58916134e-01 4.64304067e-01 4.45907290e-01\n",
      "  4.04256354e-01 1.84585102e-01 2.06197655e-01 1.74766159e-01\n",
      "  6.81301311e-01 6.93902580e-02 3.12341409e-01 5.76622153e-01\n",
      "  4.74758463e-01 3.90488604e-01 5.15566452e-01 4.62647157e-01\n",
      "  4.36718954e-01 2.05945403e-01 3.68539260e-01 1.97482653e-01\n",
      "  4.67985148e-01 2.41817605e-01]\n",
      " [1.21121124e-01 1.00712394e-01 2.03323972e-01 6.97639794e-02\n",
      "  1.00000000e+00 9.83835159e-02 0.00000000e+00 1.36917360e-01\n",
      "  2.69272869e-03 0.00000000e+00 1.21387040e-02 1.12787468e-01\n",
      "  1.03563839e-01 0.00000000e+00 2.10460793e-01 1.56176696e-01\n",
      "  1.24448557e-01 5.81860368e-02 2.37558054e-01 6.87378537e-02\n",
      "  3.86980491e-02 9.47554006e-03 6.36971371e-02 3.54821841e-03\n",
      "  0.00000000e+00 1.40382465e-01 7.55652707e-02 6.64289997e-02\n",
      "  1.54181482e-02 1.90344931e-01]\n",
      " [1.56017508e-01 4.19269966e-02 8.41208248e-02 3.91902676e-01\n",
      "  9.83835159e-02 1.00000000e+00 3.13884574e-01 5.40119102e-01\n",
      "  3.39023396e-01 1.43708289e-01 2.91454767e-01 2.95079031e-01\n",
      "  4.13971962e-01 3.12268567e-01 2.76473071e-01 7.65637877e-02\n",
      "  4.61325388e-01 3.07767625e-01 3.73750346e-01 4.76252459e-01\n",
      "  4.54625248e-01 3.17512473e-01 2.35712190e-01 1.84233064e-01\n",
      "  5.53635880e-01 2.59863543e-01 6.90405770e-01 2.85979113e-01\n",
      "  3.73129102e-01 2.60644770e-01]\n",
      " [2.72064419e-01 0.00000000e+00 3.15031653e-02 2.91148821e-01\n",
      "  0.00000000e+00 3.13884574e-01 1.00000000e+00 3.13691236e-01\n",
      "  2.04743654e-01 2.45152247e-01 2.96152867e-01 1.07397326e-01\n",
      "  4.68781525e-01 2.16104536e-01 2.06587663e-01 1.30975305e-01\n",
      "  3.70070109e-01 5.20224035e-02 1.87167318e-01 4.81832146e-01\n",
      "  2.16377159e-01 5.39915267e-01 1.44411731e-01 2.52740242e-01\n",
      "  2.89312554e-01 1.22758560e-01 5.51497052e-01 2.03426056e-01\n",
      "  4.21461036e-01 1.60588481e-01]\n",
      " [2.21044213e-01 8.24843416e-02 7.25468324e-02 2.76505144e-01\n",
      "  1.36917360e-01 5.40119102e-01 3.13691236e-01 1.00000000e+00\n",
      "  3.68485010e-01 1.00621153e-01 2.53072471e-01 2.94804658e-01\n",
      "  4.52451476e-01 3.01765008e-01 4.77730119e-01 1.29340117e-01\n",
      "  4.72995827e-01 2.73716786e-01 2.93554748e-01 3.92980485e-01\n",
      "  4.60512893e-01 2.12051538e-01 2.08143797e-01 1.00311521e-01\n",
      "  4.22695732e-01 2.28856121e-01 5.34199228e-01 2.71136394e-01\n",
      "  2.69123795e-01 2.82212811e-01]\n",
      " [1.49896311e-01 5.16314528e-02 4.35279000e-02 2.25765988e-01\n",
      "  2.69272869e-03 3.39023396e-01 2.04743654e-01 3.68485010e-01\n",
      "  1.00000000e+00 7.01363197e-02 2.43144997e-01 2.44701336e-01\n",
      "  2.07745559e-01 4.91519677e-01 2.24676468e-01 0.00000000e+00\n",
      "  3.10933447e-01 9.09092498e-02 2.29512212e-01 2.07621237e-01\n",
      "  4.61377661e-01 1.57099226e-01 1.93971998e-01 1.68540102e-01\n",
      "  2.26088042e-01 2.16337475e-01 3.07168073e-01 6.38540568e-03\n",
      "  1.72643291e-01 2.11927289e-01]\n",
      " [0.00000000e+00 0.00000000e+00 1.08695777e-01 2.58916134e-01\n",
      "  0.00000000e+00 1.43708289e-01 2.45152247e-01 1.00621153e-01\n",
      "  7.01363197e-02 1.00000000e+00 2.86558242e-01 3.77359740e-02\n",
      "  2.37000578e-01 6.36509669e-03 1.83698755e-01 4.51267521e-02\n",
      "  3.07451507e-01 0.00000000e+00 5.00962854e-03 2.97423284e-01\n",
      "  6.49192743e-02 2.98031448e-01 7.13747195e-02 1.59563802e-01\n",
      "  2.22675892e-01 5.70862054e-02 1.43358813e-01 2.28352175e-01\n",
      "  9.46587416e-02 1.57513829e-01]\n",
      " [1.51731789e-02 3.65549359e-03 1.66426716e-01 4.64304067e-01\n",
      "  1.21387040e-02 2.91454767e-01 2.96152867e-01 2.53072471e-01\n",
      "  2.43144997e-01 2.86558242e-01 1.00000000e+00 3.04993596e-01\n",
      "  2.88764618e-01 1.36468593e-01 1.37316943e-01 5.37447549e-02\n",
      "  5.15678985e-01 1.06640445e-01 1.07407160e-01 4.73011829e-01\n",
      "  3.85883095e-01 4.89613923e-01 2.74696324e-01 1.66893636e-01\n",
      "  2.76395597e-01 1.97094632e-01 2.81175703e-01 2.01139597e-01\n",
      "  3.59420574e-01 3.32428109e-01]\n",
      " [1.67896799e-01 2.42825933e-01 2.90052484e-01 4.45907290e-01\n",
      "  1.12787468e-01 2.95079031e-01 1.07397326e-01 2.94804658e-01\n",
      "  2.44701336e-01 3.77359740e-02 3.04993596e-01 1.00000000e+00\n",
      "  2.73590519e-01 2.20923510e-01 1.91060928e-01 1.20453257e-01\n",
      "  4.12776800e-01 2.91503156e-01 3.14740568e-01 2.99521329e-01\n",
      "  4.16160823e-01 2.58450289e-01 4.67553812e-01 2.48331031e-01\n",
      "  2.19483895e-01 3.50330102e-01 2.58279932e-01 1.21693202e-02\n",
      "  2.44854926e-01 3.19072119e-01]\n",
      " [2.17954313e-01 3.12397841e-02 1.83698887e-01 4.04256354e-01\n",
      "  1.03563839e-01 4.13971962e-01 4.68781525e-01 4.52451476e-01\n",
      "  2.07745559e-01 2.37000578e-01 2.88764618e-01 2.73590519e-01\n",
      "  1.00000000e+00 3.40025062e-01 3.13457490e-01 1.57085697e-01\n",
      "  5.17487389e-01 4.64426901e-02 3.25360649e-01 5.46607132e-01\n",
      "  2.69573527e-01 3.94394521e-01 2.76765695e-01 1.76085661e-01\n",
      "  3.51759172e-01 1.22212619e-01 5.18194788e-01 2.61055384e-01\n",
      "  3.21785717e-01 1.79095841e-01]\n",
      " [1.74065654e-01 5.61859728e-02 0.00000000e+00 1.84585102e-01\n",
      "  0.00000000e+00 3.12268567e-01 2.16104536e-01 3.01765008e-01\n",
      "  4.91519677e-01 6.36509669e-03 1.36468593e-01 2.20923510e-01\n",
      "  3.40025062e-01 1.00000000e+00 1.49031794e-01 0.00000000e+00\n",
      "  1.85264055e-01 7.72810911e-02 3.17210528e-01 1.50819508e-01\n",
      "  3.81637143e-01 1.38107823e-01 1.51669032e-01 8.65800004e-02\n",
      "  2.40383005e-01 1.45334099e-01 3.27609882e-01 0.00000000e+00\n",
      "  2.29137926e-01 9.43448167e-02]\n",
      " [3.51002568e-01 9.68263099e-02 1.84394331e-01 2.06197655e-01\n",
      "  2.10460793e-01 2.76473071e-01 2.06587663e-01 4.77730119e-01\n",
      "  2.24676468e-01 1.83698755e-01 1.37316943e-01 1.91060928e-01\n",
      "  3.13457490e-01 1.49031794e-01 1.00000000e+00 2.47309092e-01\n",
      "  3.14200121e-01 3.23056202e-02 2.01631403e-01 2.55314386e-01\n",
      "  2.50195869e-01 1.34113727e-01 1.71862375e-01 1.54825303e-01\n",
      "  9.82787022e-02 3.24771645e-01 2.78868700e-01 1.03504052e-01\n",
      "  8.49713453e-02 3.37540841e-01]\n",
      " [4.07270531e-01 5.04903210e-02 2.33214669e-01 1.74766159e-01\n",
      "  1.56176696e-01 7.65637877e-02 1.30975305e-01 1.29340117e-01\n",
      "  0.00000000e+00 4.51267521e-02 5.37447549e-02 1.20453257e-01\n",
      "  1.57085697e-01 0.00000000e+00 2.47309092e-01 1.00000000e+00\n",
      "  1.49859333e-01 0.00000000e+00 1.23630642e-01 1.54933635e-01\n",
      "  6.29450655e-02 6.87572036e-02 1.21109461e-01 7.22646208e-02\n",
      "  8.88622088e-02 1.16390389e-01 1.60210380e-01 8.14008081e-02\n",
      "  1.10573964e-01 1.39309766e-01]\n",
      " [1.82929269e-01 2.62629912e-02 1.49858857e-01 6.81301311e-01\n",
      "  1.24448557e-01 4.61325388e-01 3.70070109e-01 4.72995827e-01\n",
      "  3.10933447e-01 3.07451507e-01 5.15678985e-01 4.12776800e-01\n",
      "  5.17487389e-01 1.85264055e-01 3.14200121e-01 1.49859333e-01\n",
      "  1.00000000e+00 1.11303590e-01 2.23599258e-01 6.40798626e-01\n",
      "  5.22445580e-01 4.15395607e-01 3.88706461e-01 3.53337858e-01\n",
      "  4.03393718e-01 1.73579359e-01 3.65721204e-01 2.14264990e-01\n",
      "  3.69353820e-01 2.72692320e-01]\n",
      " [0.00000000e+00 1.82489471e-01 0.00000000e+00 6.93902580e-02\n",
      "  5.81860368e-02 3.07767625e-01 5.20224035e-02 2.73716786e-01\n",
      "  9.09092498e-02 0.00000000e+00 1.06640445e-01 2.91503156e-01\n",
      "  4.64426901e-02 7.72810911e-02 3.23056202e-02 0.00000000e+00\n",
      "  1.11303590e-01 1.00000000e+00 7.66721832e-02 1.48453854e-01\n",
      "  1.43909624e-01 7.66805858e-02 1.64591946e-03 0.00000000e+00\n",
      "  1.77575382e-01 3.18739693e-02 1.64929443e-01 1.51672005e-01\n",
      "  1.34140288e-01 2.36231037e-02]\n",
      " [1.41830102e-01 7.04614056e-02 5.07964788e-02 3.12341409e-01\n",
      "  2.37558054e-01 3.73750346e-01 1.87167318e-01 2.93554748e-01\n",
      "  2.29512212e-01 5.00962854e-03 1.07407160e-01 3.14740568e-01\n",
      "  3.25360649e-01 3.17210528e-01 2.01631403e-01 1.23630642e-01\n",
      "  2.23599258e-01 7.66721832e-02 1.00000000e+00 2.63303403e-01\n",
      "  2.76581379e-01 1.15490070e-01 2.85286867e-01 1.62535376e-01\n",
      "  2.13504613e-01 3.07442011e-01 4.42132971e-01 0.00000000e+00\n",
      "  2.84685658e-01 1.49817599e-01]\n",
      " [1.98375393e-01 5.52438241e-03 1.67060457e-01 5.76622153e-01\n",
      "  6.87378537e-02 4.76252459e-01 4.81832146e-01 3.92980485e-01\n",
      "  2.07621237e-01 2.97423284e-01 4.73011829e-01 2.99521329e-01\n",
      "  5.46607132e-01 1.50819508e-01 2.55314386e-01 1.54933635e-01\n",
      "  6.40798626e-01 1.48453854e-01 2.63303403e-01 1.00000000e+00\n",
      "  4.38326976e-01 5.80785772e-01 3.77732836e-01 3.54848938e-01\n",
      "  4.30273168e-01 1.88046861e-01 4.88914036e-01 3.03940172e-01\n",
      "  4.83889685e-01 2.09344790e-01]\n",
      " [3.09494779e-01 4.77655556e-03 1.34739549e-01 4.74758463e-01\n",
      "  3.86980491e-02 4.54625248e-01 2.16377159e-01 4.60512893e-01\n",
      "  4.61377661e-01 6.49192743e-02 3.85883095e-01 4.16160823e-01\n",
      "  2.69573527e-01 3.81637143e-01 2.50195869e-01 6.29450655e-02\n",
      "  5.22445580e-01 1.43909624e-01 2.76581379e-01 4.38326976e-01\n",
      "  1.00000000e+00 3.01511564e-01 4.25326012e-01 2.65642286e-01\n",
      "  3.43440865e-01 3.29745902e-01 3.76209674e-01 5.84048968e-02\n",
      "  3.30703315e-01 2.46984135e-01]\n",
      " [8.51028371e-02 2.85349869e-03 2.37981694e-01 3.90488604e-01\n",
      "  9.47554006e-03 3.17512473e-01 5.39915267e-01 2.12051538e-01\n",
      "  1.57099226e-01 2.98031448e-01 4.89613923e-01 2.58450289e-01\n",
      "  3.94394521e-01 1.38107823e-01 1.34113727e-01 6.87572036e-02\n",
      "  4.15395607e-01 7.66805858e-02 1.15490070e-01 5.80785772e-01\n",
      "  3.01511564e-01 1.00000000e+00 2.40802982e-01 3.11173909e-01\n",
      "  3.29893309e-01 1.94319444e-01 3.87797235e-01 3.11932125e-01\n",
      "  3.78439125e-01 2.65570784e-01]\n",
      " [1.77113362e-01 2.83297085e-04 2.55311453e-01 5.15566452e-01\n",
      "  6.36971371e-02 2.35712190e-01 1.44411731e-01 2.08143797e-01\n",
      "  1.93971998e-01 7.13747195e-02 2.74696324e-01 4.67553812e-01\n",
      "  2.76765695e-01 1.51669032e-01 1.71862375e-01 1.21109461e-01\n",
      "  3.88706461e-01 1.64591946e-03 2.85286867e-01 3.77732836e-01\n",
      "  4.25326012e-01 2.40802982e-01 1.00000000e+00 3.59018748e-01\n",
      "  1.96954700e-01 2.71292129e-01 2.54332853e-01 1.09025784e-02\n",
      "  2.86018613e-01 2.43336584e-01]\n",
      " [1.49400353e-01 0.00000000e+00 1.13018234e-01 4.62647157e-01\n",
      "  3.54821841e-03 1.84233064e-01 2.52740242e-01 1.00311521e-01\n",
      "  1.68540102e-01 1.59563802e-01 1.66893636e-01 2.48331031e-01\n",
      "  1.76085661e-01 8.65800004e-02 1.54825303e-01 7.22646208e-02\n",
      "  3.53337858e-01 0.00000000e+00 1.62535376e-01 3.54848938e-01\n",
      "  2.65642286e-01 3.11173909e-01 3.59018748e-01 1.00000000e+00\n",
      "  2.17638024e-01 2.84314160e-01 2.04728071e-01 6.60001495e-02\n",
      "  3.44987012e-01 1.49657550e-01]\n",
      " [7.18636829e-02 3.11424707e-02 9.25616147e-02 4.36718954e-01\n",
      "  0.00000000e+00 5.53635880e-01 2.89312554e-01 4.22695732e-01\n",
      "  2.26088042e-01 2.22675892e-01 2.76395597e-01 2.19483895e-01\n",
      "  3.51759172e-01 2.40383005e-01 9.82787022e-02 8.88622088e-02\n",
      "  4.03393718e-01 1.77575382e-01 2.13504613e-01 4.30273168e-01\n",
      "  3.43440865e-01 3.29893309e-01 1.96954700e-01 2.17638024e-01\n",
      "  1.00000000e+00 6.80780370e-02 4.13195703e-01 4.43526130e-01\n",
      "  3.98008104e-01 6.39360272e-02]\n",
      " [2.49519353e-01 4.28877450e-02 3.29212115e-01 2.05945403e-01\n",
      "  1.40382465e-01 2.59863543e-01 1.22758560e-01 2.28856121e-01\n",
      "  2.16337475e-01 5.70862054e-02 1.97094632e-01 3.50330102e-01\n",
      "  1.22212619e-01 1.45334099e-01 3.24771645e-01 1.16390389e-01\n",
      "  1.73579359e-01 3.18739693e-02 3.07442011e-01 1.88046861e-01\n",
      "  3.29745902e-01 1.94319444e-01 2.71292129e-01 2.84314160e-01\n",
      "  6.80780370e-02 1.00000000e+00 2.69206314e-01 0.00000000e+00\n",
      "  9.80850659e-02 4.98581308e-01]\n",
      " [2.60846399e-01 3.21344077e-02 8.73894455e-02 3.68539260e-01\n",
      "  7.55652707e-02 6.90405770e-01 5.51497052e-01 5.34199228e-01\n",
      "  3.07168073e-01 1.43358813e-01 2.81175703e-01 2.58279932e-01\n",
      "  5.18194788e-01 3.27609882e-01 2.78868700e-01 1.60210380e-01\n",
      "  3.65721204e-01 1.64929443e-01 4.42132971e-01 4.88914036e-01\n",
      "  3.76209674e-01 3.87797235e-01 2.54332853e-01 2.04728071e-01\n",
      "  4.13195703e-01 2.69206314e-01 1.00000000e+00 2.29852858e-01\n",
      "  5.22250851e-01 2.57726511e-01]\n",
      " [2.49991907e-02 2.91894030e-01 1.80981203e-01 1.97482653e-01\n",
      "  6.64289997e-02 2.85979113e-01 2.03426056e-01 2.71136394e-01\n",
      "  6.38540568e-03 2.28352175e-01 2.01139597e-01 1.21693202e-02\n",
      "  2.61055384e-01 0.00000000e+00 1.03504052e-01 8.14008081e-02\n",
      "  2.14264990e-01 1.51672005e-01 0.00000000e+00 3.03940172e-01\n",
      "  5.84048968e-02 3.11932125e-01 1.09025784e-02 6.60001495e-02\n",
      "  4.43526130e-01 0.00000000e+00 2.29852858e-01 1.00000000e+00\n",
      "  1.44388664e-01 7.73663853e-02]\n",
      " [1.69084016e-01 4.64307738e-03 0.00000000e+00 4.67985148e-01\n",
      "  1.54181482e-02 3.73129102e-01 4.21461036e-01 2.69123795e-01\n",
      "  1.72643291e-01 9.46587416e-02 3.59420574e-01 2.44854926e-01\n",
      "  3.21785717e-01 2.29137926e-01 8.49713453e-02 1.10573964e-01\n",
      "  3.69353820e-01 1.34140288e-01 2.84685658e-01 4.83889685e-01\n",
      "  3.30703315e-01 3.78439125e-01 2.86018613e-01 3.44987012e-01\n",
      "  3.98008104e-01 9.80850659e-02 5.22250851e-01 1.44388664e-01\n",
      "  1.00000000e+00 5.90372983e-02]\n",
      " [1.49324596e-01 4.74915660e-02 4.24966286e-01 2.41817605e-01\n",
      "  1.90344931e-01 2.60644770e-01 1.60588481e-01 2.82212811e-01\n",
      "  2.11927289e-01 1.57513829e-01 3.32428109e-01 3.19072119e-01\n",
      "  1.79095841e-01 9.43448167e-02 3.37540841e-01 1.39309766e-01\n",
      "  2.72692320e-01 2.36231037e-02 1.49817599e-01 2.09344790e-01\n",
      "  2.46984135e-01 2.65570784e-01 2.43336584e-01 1.49657550e-01\n",
      "  6.39360272e-02 4.98581308e-01 2.57726511e-01 7.73663853e-02\n",
      "  5.90372983e-02 1.00000000e+00]]\n"
     ]
    },
    {
     "data": {
