{
 "cells": [
  {
   "cell_type": "code",
   "execution_count": 1,
   "metadata": {},
   "outputs": [
    {
     "name": "stdout",
     "output_type": "stream",
     "text": [
      "interClusLib Path: /Users/jiashuchen/Desktop/InterClusLib/examples/../interClusLib/__init__.py\n",
      "\n",
      " Random Interval Data:\n",
      "    feature_1_lower  feature_1_upper  feature_2_lower  feature_2_upper  \\\n",
      "0         15.061502        33.896969        17.659688        84.843662   \n",
      "1         48.084802        65.792458        18.115847        62.296931   \n",
      "2         27.082644        88.637033        16.647108        55.461713   \n",
      "3         34.632004        75.005987         5.260286        32.511498   \n",
      "4         63.818774        70.445610        28.470108        47.041362   \n",
      "5         45.746499        79.257145        27.034987        52.946421   \n",
      "6         56.504326        77.184250        88.057873        94.011312   \n",
      "7         55.930597        56.733590        44.525561        73.475101   \n",
      "8         71.594221        81.645012        28.239506        44.732918   \n",
      "9         26.229542        44.856859        65.358026        81.980990   \n",
      "10        65.418362        85.392243         3.061572        49.507744   \n",
      "11        18.950820        95.813863         6.557267        52.500921   \n",
      "12        12.880238        93.795496        16.834338        64.780228   \n",
      "13        66.958320        81.807389        25.563719        33.236703   \n",
      "14        52.311914        72.238905        30.625599        32.189303   \n",
      "15        47.213718        64.497557        66.179279        75.810052   \n",
      "16        45.660844        77.016590         8.926089        52.258963   \n",
      "17         1.814011        34.624822        31.899407        47.498474   \n",
      "18         3.187367        64.878428         5.221727        29.483840   \n",
      "19        40.292389        90.805527        50.288282        83.455209   \n",
      "20        25.218442        27.249897        48.827475        58.017791   \n",
      "21        55.530756        85.879275        83.297395        83.774717   \n",
      "22        70.781480        81.391967        18.170790        76.447085   \n",
      "23        78.304995        94.581788        18.104421        85.306331   \n",
      "24        21.595938        69.792995        29.116095        30.722687   \n",
      "25        13.355576        37.170862        33.975273        80.477353   \n",
      "26        16.034964        98.476698        10.578124        88.260414   \n",
      "27         3.062241        80.596585        66.772631        97.644593   \n",
      "28        44.890515        52.295210        24.591695        84.402786   \n",
      "29         2.718649        88.225861        40.163069        74.005745   \n",
      "\n",
      "    feature_3_lower  feature_3_upper  \n",
      "0          2.298893        70.869684  \n",
      "1         30.805383        76.176514  \n",
      "2         46.818852        89.926505  \n",
      "3         63.095292        72.555256  \n",
      "4         35.338109        65.331990  \n",
      "5          5.013397        70.260289  \n",
      "6         15.093420        44.128767  \n",
      "7          2.147317        70.256113  \n",
      "8         34.772889        79.416803  \n",
      "9         70.741581        74.085426  \n",
      "10        41.701274        84.776884  \n",
      "11        19.935450        23.092500  \n",
      "12        66.459616        67.912875  \n",
      "13        17.081128        48.708407  \n",
      "14         8.730510        43.814910  \n",
      "15        43.294050        69.054362  \n",
      "16        10.753375        96.544483  \n",
      "17        27.844851        46.422835  \n",
      "18        82.668737        84.557334  \n",
      "19        77.349395        88.226366  \n",
      "20        32.178784        88.884748  \n",
      "21        64.747716        74.662382  \n",
      "22         3.261030        11.266671  \n",
      "23        57.246998        79.232205  \n",
      "24        23.798366        64.416514  \n",
      "25        87.310693        92.545019  \n",
      "26        39.834239        71.925575  \n",
      "27        17.463363        78.609773  \n",
      "28         1.610316        90.203692  \n",
      "29        65.093141        83.382499  \n",
      "Data Summary:\n",
      "       feature_1_lower  feature_1_upper  feature_2_lower  feature_2_upper  \\\n",
      "count        30.000000        30.000000        30.000000        30.000000   \n",
      "mean         37.695548        71.666229        31.937441        63.636095   \n",
      "std          23.425695        19.961932        23.061649        20.897749   \n",
      "min           1.814011        27.249897         3.061572        29.483840   \n",
      "25%          16.763928        64.592775        17.040676        48.000792   \n",
      "50%          42.591452        77.100420        27.637246        63.538580   \n",
      "75%          55.830637        85.757517        43.434938        83.086654   \n",
      "max          78.304995        98.476698        88.057873        97.644593   \n",
      "\n",
      "       feature_3_lower  feature_3_upper  \n",
      "count        30.000000        30.000000  \n",
      "mean         36.482939        70.041579  \n",
      "std          26.429630        20.106920  \n",
      "min           1.610316        11.266671  \n",
      "25%          15.590347        65.977211  \n",
      "50%          33.475837        73.320341  \n",
      "75%          61.633218        84.263625  \n",
      "max          87.310693        96.544483  \n",
      "\n",
      "Detected interval columns:\n",
      "- feature_1_lower / feature_1_upper\n",
      "- feature_2_lower / feature_2_upper\n",
      "- feature_3_lower / feature_3_upper\n"
     ]
    }
   ],
   "source": [
    "import numpy as np\n",
    "import pandas as pd\n",
    "import sys\n",
    "import os\n",
    "import matplotlib.pyplot as plt\n",
    "import matplotlib.patches as patches\n",
    "from mpl_toolkits.mplot3d.art3d import Poly3DCollection\n",
    "\n",
    "# 获取当前目录\n",
    "current_dir = os.getcwd()  \n",
    "\n",
    "# 添加 `interClusLib` 的上级目录到 Python 路径\n",
    "sys.path.append(os.path.join(current_dir, \"..\"))\n",
    "\n",
    "import interClusLib\n",
    "from interClusLib.data_structure import IntervalData\n",
    "from interClusLib.similarity_distance import IntervalMetrics\n",
    "from interClusLib.interval_clustering import IntervalKMeans\n",
    "from interClusLib.visualization import ClusteringVisualization\n",
    "\n",
    "print(\"interClusLib Path:\", interClusLib.__file__)\n",
    "\n",
    "random_data = IntervalData.random_data(30, 3)\n",
    "print(\"\\n Random Interval Data:\")\n",
    "print(random_data.data)\n",
    "random_data.summary()"
   ]
  },
  {
   "cell_type": "code",
   "execution_count": 2,
   "metadata": {},
   "outputs": [
    {
     "name": "stdout",
     "output_type": "stream",
     "text": [
      "<class 'interClusLib.data_structure.IntervalData'>\n",
      "<class 'pandas.core.frame.DataFrame'>\n",
      "(30, 6)\n"
     ]
    }
   ],
   "source": [
    "print(type(random_data))      \n",
    "print(type(random_data.data))  \n",
    "print(random_data.data.shape)  "
   ]
  },
  {
   "cell_type": "code",
   "execution_count": 3,
   "metadata": {},
   "outputs": [
    {
     "name": "stdout",
     "output_type": "stream",
     "text": [
      "[[ 0.         20.21314013 26.78875275 31.31550957 26.02457158 18.44281978\n",
      "  31.83947606 15.22278927 30.90210344 23.58078305 34.18262468 26.17142623\n",
      "  24.15800562 28.9292457  25.88358011 25.37792527 24.86109057 12.6897728\n",
      "  32.13945594 34.52920372 14.86994711 37.3884646  28.53576107 31.35772329\n",
      "  19.67515181 21.0461022  18.5376654  21.91967467 12.41554469 25.35655585]\n",
      " [20.21314013  0.         10.15199877 14.73061676  7.74786937  9.08723484\n",
      "  28.20457199 13.53753656 10.68896331 24.94221589 14.04551103 19.22165683\n",
      "  12.2236825  17.52350648 15.86961052 12.70520069  8.46997127 20.82518244\n",
      "  25.29380832 22.82294073 17.70036408 24.68907286 24.15924652 18.58603795\n",
      "  12.80502112 28.37741442 11.27942971 23.72817124 12.41138441 20.10265542]\n",
      " [26.78875275 10.15199877  0.         10.88988863 14.10573131 15.08723415\n",
      "  36.15086939 23.68953533 13.10994009 23.9643668  11.35707021 19.14997735\n",
      "   7.62029718 22.17608464 22.11693604 19.73615527 10.92790759 26.16846907\n",
      "  20.15117005 17.92390849 18.9449347  23.5567112  31.40425773 16.52722278\n",
      "  16.26670804 25.10790005 11.47198745 27.50691269 19.73933662 14.18490846]\n",
      " [31.31550957 14.73061676 10.88988863  0.         16.98448408 19.6586898\n",
      "  40.79605775 27.46243154 17.85404764 26.21588009 13.26047945 22.45281294\n",
      "  11.70615506 21.66956141 21.0250585  23.35023276 14.79910456 29.36801951\n",
      "  12.70232257 24.55947384 26.19327342 27.47198618 36.75073228 22.59411804\n",
      "  14.92342263 29.99959323 18.07136638 33.97452195 25.90307496 20.18924613]\n",
      " [26.02457158  7.74786937 14.10573131 16.98448408  0.          9.05034104\n",
      "  25.88667918 16.21336348  5.93311797 29.86040605 11.29380257 20.73715736\n",
      "  17.06329915 11.01548963 12.41393301 16.78488017 11.48574038 21.35239576\n",
      "  28.9267438  24.44401107 22.78043291 24.28905098 22.24286413 18.78274533\n",
      "  11.94155755 33.64411919 16.68209626 27.92283879 18.0279795  24.59383493]\n",
      " [18.44281978  9.08723484 15.08723415 19.6586898   9.05034104  0.\n",
      "  23.16285442 10.56884427 12.56084954 31.80469554 17.40392059 15.81444778\n",
      "  17.69104807 11.08248863  9.03678946 19.17469398  8.85778978 19.64170172\n",
      "  32.36101236 25.93542324 24.19816826 27.9389173  18.56940863 23.57476105\n",
      "  12.43723579 35.58840868 16.91860957 24.65325398 13.20294806 25.06953518]\n",
      " [31.83947606 28.20457199 36.15086939 40.79605775 25.88667918 23.16285442\n",
      "   0.         18.5367095  30.60248707 30.48952714 35.64631141 30.26679488\n",
      "  36.53816849 24.15220743 22.51146771 19.19722997 30.71849854 35.82775747\n",
      "  53.49838032 28.4818674  36.38091687 17.31333464 25.10511133 32.51894278\n",
      "  32.25378985 45.23537046 29.37293952 18.5963792  25.94208012 35.1565835 ]\n",
      " [15.22278927 13.53753656 23.68953533 27.46243154 16.21336348 10.56884427\n",
      "  18.5367095   0.         21.23159075 23.8899527  26.2754151  24.19772673\n",
      "  23.9581258  19.47491142 16.18871312 12.30871321 18.66550649 23.42094478\n",
      "  38.47682763 23.8311824  20.71887676 24.20396696 20.80891224 25.119918\n",
      "  19.02459834 30.02338673 19.17448822 20.49243702  9.22665137 22.27444173]\n",
      " [30.90210344 10.68896331 13.10994009 17.85404764  5.93311797 12.56084954\n",
      "  30.60248707 21.23159075  0.         32.08135259  7.27371    24.24789692\n",
      "  18.40800347 11.20134344 17.14605023 20.15121739 12.31578826 27.19131028\n",
      "  29.41277911 23.90982771 24.0186132  23.35632998 22.07365726 13.78251188\n",
      "  16.97255729 34.97650292 17.76299666 29.85696028 21.48099155 24.05965157]\n",
      " [23.58078305 24.94221589 23.9643668  26.21588009 29.86040605 31.80469554\n",
      "  30.48952714 23.8899527  32.08135259  0.         33.92236836 40.17281467\n",
      "  20.85293365 40.87589568 38.37835305 13.21240127 32.95553383 28.85800371\n",
      "  26.34578131 15.97166877 16.2791015  16.00843182 44.01791565 27.09142831\n",
      "  28.17474962 14.74584332 23.57782222 17.68269183 22.66615338 14.30604605]\n",
      " [34.18262468 14.04551103 11.35707021 13.26047945 11.29380257 17.40392059\n",
      "  35.64631141 26.2754151   7.27371    33.92236836  0.         22.73443689\n",
      "  17.72361951 14.46260392 21.29275842 24.04031089 11.28280068 32.57001291\n",
      "  23.95602928 24.23295825 27.02345056 24.57280741 26.56035573 14.7438898\n",
      "  20.62324536 35.92417181 18.39516048 34.90078462 25.02350037 24.61517968]\n",
      " [26.17142623 19.22165683 19.14997735 22.45281294 20.73715736 15.81444778\n",
      "  30.26679488 24.19772673 24.24789692 40.17281467 22.73443689  0.\n",
      "  20.33164476 15.48127091 13.02530597 30.59465151 17.0884717  22.484621\n",
      "  32.54160481 36.42911365 32.3977708  40.16266794 19.31509933 32.85966529\n",
      "  15.62777082 42.74340752 18.57134507 31.99702747 26.76102289 30.72974816]\n",
      " [24.15800562 12.2236825   7.62029718 11.70615506 17.06329915 17.69104807\n",
      "  36.53816849 23.9581258  18.40800347 20.85293365 17.72361951 20.33164476\n",
      "   0.         25.70076072 25.64161212 19.64563513 18.15272709 24.60390987\n",
      "  19.72875289 18.45739077 22.13659457 22.47626183 31.79155683 16.55442744\n",
      "  17.369609   22.49098576  9.65691508 25.80263635 22.28825015 10.62584927]\n",
      " [28.9292457  17.52350648 22.17608464 21.66956141 11.01548963 11.08248863\n",
      "  24.15220743 19.47491142 11.20134344 40.87589568 14.46260392 15.48127091\n",
      "  25.70076072  0.          7.0868142  27.8003698  15.49110187 23.94800978\n",
      "  34.37188398 33.56587082 33.26936839 32.21996956 16.38256282 24.48006172\n",
      "  13.89241611 44.65960882 25.31955783 33.50121417 24.04022545 33.71569469]\n",
      " [25.88358011 15.86961052 22.11693604 21.0250585  12.41393301  9.03678946\n",
      "  22.51146771 16.18871312 17.14605023 38.37835305 21.29275842 13.02530597\n",
      "  25.64161212  7.0868142   0.         25.30282717 13.85050304 21.06953852\n",
      "  33.21250153 33.7542584  30.77182576 34.66351665 18.31635489 30.89779583\n",
      "  11.96791106 42.16206619 25.26040923 32.39661822 20.99455987 32.81289942]\n",
      " [25.37792527 12.70520069 19.73615527 23.35023276 16.78488017 19.17469398\n",
      "  19.19722997 12.30871321 20.15121739 13.21240127 24.04031089 30.59465151\n",
      "  19.64563513 27.8003698  25.30282717  0.         20.97733093 29.32410252\n",
      "  34.36462885 15.90438583 19.03623108 13.64053731 31.04856197 22.23019281\n",
      "  21.9836435  26.81602411 15.50668437 15.40167619 16.29947812 18.0738023 ]\n",
      " [24.86109057  8.46997127 10.92790759 14.79910456 11.48574038  8.85778978\n",
      "  30.71849854 18.66550649 12.31578826 32.95553383 11.28280068 17.0884717\n",
      "  18.15272709 15.49110187 13.85050304 20.97733093  0.         26.55559455\n",
      "  25.50108082 25.49056583 22.88245294 29.76899963 25.94983226 23.15477854\n",
      "  14.15879123 33.66264812 16.0600384  27.2942476  14.79749826 25.04428726]\n",
      " [12.6897728  20.82518244 26.16846907 29.36801951 21.35239576 19.64170172\n",
      "  35.82775747 23.42094478 27.19131028 28.85800371 32.57001291 22.484621\n",
      "  24.60390987 23.94800978 21.06953852 29.32410252 26.55559455  0.\n",
      "  28.21294345 40.0521275  16.27461002 42.96463983 34.07053495 39.41122039\n",
      "  15.41714632 25.78839571 26.05448265 27.40437869 23.57200991 27.24742691]\n",
      " [32.13945594 25.29380832 20.15117005 12.70232257 28.9267438  32.36101236\n",
      "  53.49838032 38.47682763 29.41277911 26.34578131 23.95602928 32.54160481\n",
      "  19.72875289 34.37188398 33.21250153 34.36462885 25.50108082 28.21294345\n",
      "   0.         27.89823097 26.7096969  38.92112573 49.45305485 34.04550666\n",
      "  21.24459047 20.01404442 27.67418219 36.09712477 32.84174698 20.26018502]\n",
      " [34.52920372 22.82294073 17.92390849 24.55947384 24.44401107 25.93542324\n",
      "  28.4818674  23.8311824  23.90982771 15.97166877 24.23295825 36.42911365\n",
      "  18.45739077 33.56587082 33.7542584  15.90438583 25.49056583 40.0521275\n",
      "  27.89823097  0.         25.11640202 12.45544195 36.77712785 17.17821424\n",
      "  31.82909542 19.02371587 19.63058823 24.60257452 23.32433056 12.80470059]\n",
      " [14.86994711 17.70036408 18.9449347  26.19327342 22.78043291 24.19816826\n",
      "  36.38091687 20.71887676 24.0186132  16.2791015  27.02345056 32.3977708\n",
      "  22.13659457 33.26936839 30.77182576 19.03623108 22.88245294 16.27461002\n",
      "  26.7096969  25.11640202  0.         30.28957834 39.48293736 29.36828508\n",
      "  20.39970575 15.5191016  21.07255401 22.65150717 16.94514157 18.3130458 ]\n",
      " [37.3884646  24.68907286 23.5567112  27.47198618 24.28905098 27.9389173\n",
      "  17.31333464 24.20396696 23.35632998 16.00843182 24.57280741 40.16266794\n",
      "  22.47626183 32.21996956 34.66351665 13.64053731 29.76899963 42.96463983\n",
      "  38.92112573 12.45544195 30.28957834  0.         35.43122658 17.36174073\n",
      "  34.74160775 30.65811586 23.31089107 20.26005361 27.67790117 19.13015804]\n",
      " [28.53576107 24.15924652 31.40425773 36.75073228 22.24286413 18.56940863\n",
      "  25.10511133 20.80891224 22.07365726 44.01791565 26.56035573 19.31509933\n",
      "  31.79155683 16.38256282 18.31635489 31.04856197 25.94983226 34.07053495\n",
      "  49.45305485 36.77712785 39.48293736 35.43122658  0.         25.25401409\n",
      "  30.03268192 47.80162879 27.29865995 36.64323414 24.71689164 37.3338416 ]\n",
      " [31.35772329 18.58603795 16.52722278 22.59411804 18.78274533 23.57476105\n",
      "  32.51894278 25.119918   13.78251188 27.09142831 14.7438898  32.85966529\n",
      "  16.55442744 24.48006172 30.89779583 22.23019281 23.15477854 39.41122039\n",
      "  34.04550666 17.17821424 29.36828508 17.36174073 25.25401409  0.\n",
      "  30.72430289 30.26795105 15.75261954 31.773416   22.97083569 19.332893  ]\n",
      " [19.67515181 12.80502112 16.26670804 14.92342263 11.94155755 12.43723579\n",
      "  32.25378985 19.02459834 16.97255729 28.17474962 20.62324536 15.62777082\n",
      "  17.369609   13.89241611 11.96791106 21.9836435  14.15879123 15.41714632\n",
      "  21.24459047 31.82909542 20.39970575 34.74160775 30.03268192 30.72430289\n",
      "   0.         31.18619537 18.29439411 22.88423293 17.12697585 22.24468019]\n",
      " [21.0461022  28.37741442 25.10790005 29.99959323 33.64411919 35.58840868\n",
      "  45.23537046 30.02338673 34.97650292 14.74584332 35.92417181 42.74340752\n",
      "  22.49098576 44.65960882 42.16206619 26.81602411 33.66264812 25.78839571\n",
      "  20.01404442 19.02371587 15.5191016  30.65811586 47.80162879 30.26795105\n",
      "  31.18619537  0.         25.91304513 29.52881631 24.01409497 14.81777984]\n",
      " [18.5376654  11.27942971 11.47198745 18.07136638 16.68209626 16.91860957\n",
      "  29.37293952 19.17448822 17.76299666 23.57782222 18.39516048 18.57134507\n",
      "   9.65691508 25.31955783 25.26040923 15.50668437 16.0600384  26.05448265\n",
      "  27.67418219 19.63058823 21.07255401 23.31089107 27.29865995 15.75261954\n",
      "  18.29439411 25.91304513  0.         19.80039964 16.40316376 14.97798709]\n",
      " [21.91967467 23.72817124 27.50691269 33.97452195 27.92283879 24.65325398\n",
      "  18.5963792  20.49243702 29.85696028 17.68269183 34.90078462 31.99702747\n",
      "  25.80263635 33.50121417 32.39661822 15.40167619 27.2942476  27.40437869\n",
      "  36.09712477 24.60257452 22.65150717 20.26005361 36.64323414 31.773416\n",
      "  22.88423293 29.52881631 19.80039964  0.         18.85067728 18.38003156]\n",
      " [12.41554469 12.41138441 19.73933662 25.90307496 18.0279795  13.20294806\n",
      "  25.94208012  9.22665137 21.48099155 22.66615338 25.02350037 26.76102289\n",
      "  22.28825015 24.04022545 20.99455987 16.29947812 14.79749826 23.57200991\n",
      "  32.84174698 23.32433056 16.94514157 27.67790117 24.71689164 22.97083569\n",
      "  17.12697585 24.01409497 16.40316376 18.85067728  0.         20.20434426]\n",
      " [25.35655585 20.10265542 14.18490846 20.18924613 24.59383493 25.06953518\n",
      "  35.1565835  22.27444173 24.05965157 14.30604605 24.61517968 30.72974816\n",
      "  10.62584927 33.71569469 32.81289942 18.0738023  25.04428726 27.24742691\n",
      "  20.26018502 12.80470059 18.3130458  19.13015804 37.3338416  19.332893\n",
      "  22.24468019 14.81777984 14.97798709 18.38003156 20.20434426  0.        ]]\n"
     ]
    }
   ],
   "source": [
    "distance_matrix = IntervalMetrics.pairwise_distance(random_data.get_intervals(),\"hausdorff\",\"mean\")\n",
    "\n",
    "print(distance_matrix)"
   ]
  },
  {
   "cell_type": "code",
   "execution_count": 4,
   "metadata": {},
   "outputs": [
    {
     "name": "stdout",
     "output_type": "stream",
     "text": [
      "[3 2 2 2 2 2 0 1 2 1 2 3 2 2 2 1 2 3 3 1 1 0 2 2 3 1 2 0 1 1]\n"
     ]
    }
   ],
   "source": [
    "model = IntervalKMeans(n_clusters=4,max_iter=20,tol=1e-4,random_state=42)\n",
    "model.fit(random_data.get_intervals(),distance_func=IntervalMetrics.hausdorff_distance_md,operator=\"mean\") \n",
    "\n",
    "print(model.labels_)"
   ]
  },
  {
   "cell_type": "code",
   "execution_count": 5,
   "metadata": {},
   "outputs": [],
   "source": [
    "def plot_intervals_as_squares(intervals, labels=None):\n",
    "    fig= plt.figure(figsize=(8,8))\n",
    "    ax = fig.add_subplot(111,projection='3d')\n",
    "    ClusteringVisualization.draw_3d_interval_cubes(ax, intervals, labels)\n",
    "\n",
    "    xs = intervals[:, 0, :].ravel()  # x_lower, x_upper\n",
    "    ys = intervals[:, 1, :].ravel()  # y_lower, y_upper\n",
    "    zs = intervals[:, 2, :].ravel()  # z_lower, z_upper\n",
    "\n",
    "    x_min, x_max = xs.min() - 5, xs.max() + 5\n",
    "    y_min, y_max = ys.min() - 5, ys.max() + 5\n",
    "    z_min, z_max = zs.min() - 5, zs.max() + 5\n",
    "\n",
    "    ax.set_xlim(x_min, x_max)\n",
    "    ax.set_ylim(y_min, y_max)\n",
    "    ax.set_zlim(z_min, z_max)\n",
    "\n",
    "    ax.set_xlabel(\"x1\")\n",
    "    ax.set_ylabel(\"x2\")\n",
    "    ax.set_zlabel(\"x3\")\n",
    "    ax.set_title(\"3D\")\n",
    "\n",
    "    plt.show()"
   ]
  },
  {
   "cell_type": "code",
   "execution_count": 6,
   "metadata": {},
   "outputs": [
    {
     "name": "stdout",
     "output_type": "stream",
     "text": [
      "3\n",
      "(30, 3, 2)\n",
      "[[[15.06150189 33.89696945]\n",
      "  [17.6596878  84.84366222]\n",
      "  [ 2.29889269 70.86968388]]\n",
      "\n",
      " [[48.08480246 65.79245834]\n",
      "  [18.11584667 62.29693123]\n",
      "  [30.80538328 76.17651361]]\n",
      "\n",
      " [[27.08264442 88.63703326]\n",
      "  [16.647108   55.46171258]\n",
      "  [46.81885201 89.92650528]]\n",
      "\n",
      " [[34.63200432 75.00598695]\n",
      "  [ 5.26028586 32.51149832]\n",
      "  [63.09529197 72.55525622]]\n",
      "\n",
      " [[63.81877386 70.44560987]\n",
      "  [28.47010823 47.04136181]\n",
      "  [35.33810934 65.33198974]]\n",
      "\n",
      " [[45.74649889 79.25714536]\n",
      "  [27.03498659 52.94642064]\n",
      "  [ 5.0133969  70.26028854]]\n",
      "\n",
      " [[56.50432593 77.18424972]\n",
      "  [88.05787283 94.01131193]\n",
      "  [15.09342007 44.12876657]]\n",
      "\n",
      " [[55.93059742 56.7335901 ]\n",
      "  [44.52556108 73.47510147]\n",
      "  [ 2.14731721 70.25611321]]\n",
      "\n",
      " [[71.59422074 81.64501248]\n",
      "  [28.2395064  44.73291835]\n",
      "  [34.77288866 79.41680279]]\n",
      "\n",
      " [[26.22954186 44.8568593 ]\n",
      "  [65.3580263  81.98098999]\n",
      "  [70.74158059 74.08542594]]\n",
      "\n",
      " [[65.41836158 85.39224251]\n",
      "  [ 3.06157194 49.50774398]\n",
      "  [41.70127374 84.77688408]]\n",
      "\n",
      " [[18.95082012 95.81386259]\n",
      "  [ 6.55726687 52.50092116]\n",
      "  [19.93545021 23.09249983]]\n",
      "\n",
      " [[12.88023773 93.79549611]\n",
      "  [16.83433809 64.78022848]\n",
      "  [66.45961632 67.91287486]]\n",
      "\n",
      " [[66.95831978 81.80738914]\n",
      "  [25.56371913 33.23670252]\n",
      "  [17.08112789 48.70840697]]\n",
      "\n",
      " [[52.31191374 72.23890499]\n",
      "  [30.62559915 32.18930306]\n",
      "  [ 8.73051014 43.81490973]]\n",
      "\n",
      " [[47.21371815 64.49755706]\n",
      "  [66.17927866 75.81005151]\n",
      "  [43.29404957 69.05436187]]\n",
      "\n",
      " [[45.66084439 77.01658994]\n",
      "  [ 8.92608916 52.25896261]\n",
      "  [10.75337526 96.54448349]]\n",
      "\n",
      " [[ 1.81401147 34.62482214]\n",
      "  [31.89940744 47.4984743 ]\n",
      "  [27.84485117 46.42283519]]\n",
      "\n",
      " [[ 3.18736729 64.87842811]\n",
      "  [ 5.22172726 29.48383987]\n",
      "  [82.66873659 84.55733407]]\n",
      "\n",
      " [[40.29238922 90.80552659]\n",
      "  [50.288282   83.45520867]\n",
      "  [77.3493947  88.22636553]]\n",
      "\n",
      " [[25.21844236 27.24989699]\n",
      "  [48.82747453 58.01779072]\n",
      "  [32.17878445 88.8847476 ]]\n",
      "\n",
      " [[55.53075586 85.87927489]\n",
      "  [83.29739535 83.77471736]\n",
      "  [64.74771566 74.66238158]]\n",
      "\n",
      " [[70.78148014 81.39196686]\n",
      "  [18.17078968 76.44708465]\n",
      "  [ 3.26102973 11.26667068]]\n",
      "\n",
      " [[78.30499526 94.58178777]\n",
      "  [18.10442109 85.30633065]\n",
      "  [57.24699781 79.23220512]]\n",
      "\n",
      " [[21.59593754 69.79299543]\n",
      "  [29.11609491 30.72268656]\n",
      "  [23.79836627 64.4165135 ]]\n",
      "\n",
      " [[13.3555757  37.17086203]\n",
      "  [33.97527252 80.47735325]\n",
      "  [87.3106934  92.54501906]]\n",
      "\n",
      " [[16.03496376 98.47669806]\n",
      "  [10.5781238  88.26041385]\n",
      "  [39.83423918 71.92557531]]\n",
      "\n",
      " [[ 3.06224129 80.59658509]\n",
      "  [66.77263105 97.6445925 ]\n",
      "  [17.46336266 78.60977277]]\n",
      "\n",
      " [[44.89051476 52.29520988]\n",
      "  [24.59169453 84.40278594]\n",
      "  [ 1.61031554 90.203692  ]]\n",
      "\n",
      " [[ 2.71864889 88.22586051]\n",
      "  [40.16306862 74.00574534]\n",
      "  [65.09314112 83.38249867]]]\n",
      "NaN count: 0 Inf count: 0\n"
     ]
    }
   ],
   "source": [
    "print(random_data.get_intervals().shape[1])\n",
    "print(random_data.get_intervals().shape)\n",
    "\n",
    "print(random_data.get_intervals())\n",
    "\n",
    "print(\"NaN count:\", np.isnan(random_data.get_intervals()).sum(), \"Inf count:\", np.isinf(random_data.get_intervals()).sum())"
   ]
  },
  {
   "cell_type": "code",
   "execution_count": 7,
   "metadata": {},
   "outputs": [
    {
     "name": "stdout",
     "output_type": "stream",
     "text": [
      "Adding cube with X: 56.50432593452464-77.18424971577515, Y: 88.0578728306418-94.01131192634348, Z: 15.09342007164144-44.12876656720643\n",
      "Adding cube with X: 55.530755857790545-85.87927488631706, Y: 83.29739534929847-83.77471736327026, Z: 64.74771566267373-74.66238157793849\n",
      "Adding cube with X: 3.0622412922089226-80.59658508515845, Y: 66.77263104745744-97.6445925003946, Z: 17.4633626572961-78.60977277128917\n",
      "Adding cube with X: 55.93059741911324-56.73359010409019, Y: 44.525561082693635-73.47510146956259, Z: 2.1473172115410333-70.25611321314952\n",
      "Adding cube with X: 26.229541864334116-44.85685930498822, Y: 65.35802630249744-81.98098999349529, Z: 70.74158059157189-74.0854259388256\n",
      "Adding cube with X: 47.213718151918236-64.49755706436805, Y: 66.17927865625838-75.8100515068121, Z: 43.294049569345106-69.05436187028371\n",
      "Adding cube with X: 40.29238921811815-90.80552658721199, Y: 50.288281998264196-83.4552086707472, Z: 77.34939470233192-88.22636553163545\n",
      "Adding cube with X: 25.218442362842495-27.249896989937284, Y: 48.827474526095514-58.01779072212463, Z: 32.178784454126884-88.88474759839487\n",
      "Adding cube with X: 13.355575695327271-37.17086203244702, Y: 33.97527251710153-80.47735324799214, Z: 87.31069340491115-92.54501905985181\n",
      "Adding cube with X: 44.890514762049705-52.29520988043303, Y: 24.591694533158392-84.40278593845875, Z: 1.610315541766072-90.20369200011766\n",
      "Adding cube with X: 2.718648894692044-88.22586050842331, Y: 40.163068619383054-74.00574533746068, Z: 65.09314111968979-83.38249867037175\n",
      "Adding cube with X: 48.08480246038616-65.79245834214171, Y: 18.115846674361368-62.29693122652608, Z: 30.805383283389265-76.17651361270296\n",
      "Adding cube with X: 27.08264442152002-88.6370332561559, Y: 16.64710799885588-55.46171257992019, Z: 46.81885200592083-89.92650527651944\n",
      "Adding cube with X: 34.6320043218769-75.00598694916366, Y: 5.260285862362313-32.51149832002198, Z: 63.095291971818035-72.5552562215018\n",
      "Adding cube with X: 63.81877386432181-70.4456098698215, Y: 28.47010822951367-47.04136180613312, Z: 35.33810933845069-65.33198974334127\n",
      "Adding cube with X: 45.74649889414765-79.25714536051707, Y: 27.034986587039146-52.94642064213004, Z: 5.013396901814526-70.26028853929802\n",
      "Adding cube with X: 71.59422074171356-81.64501248269805, Y: 28.239506399198522-44.73291834723565, Z: 34.7728886564355-79.4168027883321\n",
      "Adding cube with X: 65.41836158431806-85.39224250959323, Y: 3.061571941907104-49.50774398494949, Z: 41.70127374156357-84.77688408423758\n",
      "Adding cube with X: 12.880237726010845-93.79549611396908, Y: 16.834338085680013-64.78022848218178, Z: 66.45961632160295-67.91287485712138\n",
      "Adding cube with X: 66.95831978081188-81.80738913755492, Y: 25.563719134948126-33.236702523775804, Z: 17.081127890791038-48.70840696625183\n",
      "Adding cube with X: 52.31191373593865-72.23890498563551, Y: 30.625599153151406-32.1893030614381, Z: 8.73051014474333-43.81490973383714\n",
      "Adding cube with X: 45.66084438763978-77.01658993682837, Y: 8.926089162539697-52.258962614272484, Z: 10.753375259268228-96.54448349205543\n",
      "Adding cube with X: 70.78148014361624-81.39196685831945, Y: 18.17078968453705-76.44708465315728, Z: 3.2610297251346787-11.266670675210444\n",
      "Adding cube with X: 78.30499526340411-94.58178777353837, Y: 18.104421085270552-85.30633064796697, Z: 57.24699781325842-79.23220511771041\n",
      "Adding cube with X: 16.03496375846384-98.47669805537406, Y: 10.578123799951399-88.2604138504417, Z: 39.83423917871192-71.92557531007378\n",
      "Adding cube with X: 15.061501891054153-33.896969453135114, Y: 17.65968779961955-84.84366222168916, Z: 2.2988926861859382-70.86968387980761\n",
      "Adding cube with X: 18.95082012323479-95.81386259280245, Y: 6.5572668688621665-52.50092116252748, Z: 19.935450212370565-23.09249983173467\n",
      "Adding cube with X: 1.8140114698709908-34.624822135418206, Y: 31.89940743625407-47.498474299552875, Z: 27.844851171343333-46.422835193316146\n",
      "Adding cube with X: 3.187367294539034-64.87842810667613, Y: 5.221727259255637-29.48383987036819, Z: 82.66873659261054-84.55733407338539\n",
      "Adding cube with X: 21.595937542079525-69.79299543140351, Y: 29.116094912196722-30.722686556370427, Z: 23.798366268270733-64.4165135018142\n"
     ]
    },
    {
     "data": {
