{
 "cells": [
  {
   "cell_type": "code",
   "execution_count": 1,
   "metadata": {},
   "outputs": [
    {
     "name": "stdout",
     "output_type": "stream",
     "text": [
      "interClusLib Path: /Users/jiashuchen/Desktop/InterClusLib/examples/../interClusLib/__init__.py\n",
      "\n",
      " Random Interval Data:\n",
      "    feature_1_lower  feature_1_upper  feature_2_lower  feature_2_upper  \\\n",
      "0         58.975691        65.618273        46.884286        71.839589   \n",
      "1         12.515938        20.274654        30.383042        60.597170   \n",
      "2         10.917419        21.238242        47.136405        99.254447   \n",
      "3         20.949302        46.790079        37.768239        72.936454   \n",
      "4         46.587251        67.849095        76.182377        86.900184   \n",
      "5          7.405865        95.969629        45.934846        50.834977   \n",
      "6         19.799391        35.758269        88.849215        94.305843   \n",
      "7          4.120424        68.160457        25.030660        30.256051   \n",
      "8         14.997468        50.953905         2.112978        56.256865   \n",
      "9         55.251407        58.569695        15.368645        22.689441   \n",
      "10         7.677961        62.987593        62.027857        82.228359   \n",
      "11        46.260554        47.500057        16.287013        40.198441   \n",
      "12         0.848522        50.384137        59.161214        91.870925   \n",
      "13        30.464799        86.099141        14.658740        88.321848   \n",
      "14        56.459954        87.678497        86.411175        92.413777   \n",
      "15         8.111839        32.128553        16.320507        35.109223   \n",
      "16        15.258701        85.105575        27.065760        28.197587   \n",
      "17        14.668118        35.133034        37.207752        42.830024   \n",
      "18        14.154527        97.426809        35.671819        71.634915   \n",
      "19        46.935801        76.353631         8.124969        18.363540   \n",
      "20        31.115226        54.834666        54.918028        58.796983   \n",
      "21        33.863738        54.456283        43.035587        57.885249   \n",
      "22        37.530564        49.496921        27.543792        56.749527   \n",
      "23         6.335631        78.160674        64.279261        71.826492   \n",
      "24        44.927008        88.181864         8.296325        77.561362   \n",
      "25        23.349003        50.165741        41.337049        60.334938   \n",
      "26         1.277245        65.180671         7.216690        89.408328   \n",
      "27        23.093229        76.466661        38.569304        45.693981   \n",
      "28        65.904566        80.121149        15.529375        74.615771   \n",
      "29         8.130592        62.511746        40.400492        56.544482   \n",
      "\n",
      "    feature_3_lower  feature_3_upper  \n",
      "0          9.329660        66.976075  \n",
      "1         78.436015        79.568058  \n",
      "2         38.856794        82.905041  \n",
      "3         49.116344        86.138271  \n",
      "4         38.539731        80.200818  \n",
      "5          6.071173        33.606158  \n",
      "6          7.356443        16.402812  \n",
      "7         63.051073        73.978817  \n",
      "8         47.162451        64.390974  \n",
      "9         35.014655        38.936165  \n",
      "10        12.672738        81.002999  \n",
      "11         3.141229        37.001703  \n",
      "12        53.212347        87.154597  \n",
      "13        18.189936        92.225773  \n",
      "14        17.242049        27.273574  \n",
      "15         9.717873        20.627255  \n",
      "16        24.305052        85.680236  \n",
      "17        25.219955        55.445250  \n",
      "18        24.865977        29.154784  \n",
      "19         0.448633        80.522242  \n",
      "20         9.933087        88.054660  \n",
      "21        26.674086        93.483606  \n",
      "22        23.008210        48.055875  \n",
      "23        18.309171        77.886848  \n",
      "24        27.187212        79.981411  \n",
      "25        10.407277        57.648103  \n",
      "26        22.860397        38.339357  \n",
      "27        34.539532        57.998102  \n",
      "28        67.366864        98.335131  \n",
      "29        73.703070        86.952862  \n",
      "Data Summary:\n",
      "       feature_1_lower  feature_1_upper  feature_2_lower  feature_2_upper  \\\n",
      "count        30.000000        30.000000        30.000000        30.000000   \n",
      "mean         25.596258        61.718523        37.323780        62.881892   \n",
      "std          19.256833        20.999024        23.206915        22.882255   \n",
      "min           0.848522        20.274654         2.112978        18.363540   \n",
      "25%           8.827299        49.664126        16.295387        46.979230   \n",
      "50%          20.374347        62.749669        37.487995        60.466054   \n",
      "75%          43.077897        77.737171        47.073375        81.061609   \n",
      "max          65.904566        97.426809        88.849215        99.254447   \n",
      "\n",
      "       feature_3_lower  feature_3_upper  \n",
      "count        30.000000        30.000000  \n",
      "mean         29.197968        64.864252  \n",
      "std          21.468573        24.535822  \n",
      "min           0.448633        16.402812  \n",
      "25%          10.973642        41.216092  \n",
      "50%          24.585514        75.932833  \n",
      "75%          38.777529        84.986437  \n",
      "max          78.436015        98.335131  \n",
      "\n",
      "Detected interval columns:\n",
      "- feature_1_lower / feature_1_upper\n",
      "- feature_2_lower / feature_2_upper\n",
      "- feature_3_lower / feature_3_upper\n"
     ]
    }
   ],
   "source": [
    "import numpy as np\n",
    "import pandas as pd\n",
    "import sys\n",
    "import os\n",
    "import matplotlib.pyplot as plt\n",
    "import matplotlib.patches as patches\n",
    "from mpl_toolkits.mplot3d.art3d import Poly3DCollection\n",
    "\n",
    "# 获取当前目录\n",
    "current_dir = os.getcwd()  \n",
    "\n",
    "# 添加 `interClusLib` 的上级目录到 Python 路径\n",
    "sys.path.append(os.path.join(current_dir, \"..\"))\n",
    "\n",
    "import interClusLib\n",
    "from interClusLib.data_structure import IntervalData\n",
    "from interClusLib.similarity_distance import IntervalMetrics\n",
    "from interClusLib.interval_clustering import IntervalKMeans\n",
    "from interClusLib.visualization import ClusteringVisualization\n",
    "\n",
    "print(\"interClusLib Path:\", interClusLib.__file__)\n",
    "\n",
    "random_data = IntervalData.random_data(30, 3)\n",
    "print(\"\\n Random Interval Data:\")\n",
    "print(random_data.data)\n",
    "random_data.summary()"
   ]
  },
  {
   "cell_type": "code",
   "execution_count": 2,
   "metadata": {},
   "outputs": [
    {
     "name": "stdout",
     "output_type": "stream",
     "text": [
      "<class 'interClusLib.data_structure.IntervalData'>\n",
      "<class 'pandas.core.frame.DataFrame'>\n",
      "(30, 6)\n"
     ]
    }
   ],
   "source": [
    "print(type(random_data))      \n",
    "print(type(random_data.data))  \n",
    "print(random_data.data.shape)  "
   ]
  },
  {
   "cell_type": "code",
   "execution_count": 3,
   "metadata": {},
   "outputs": [
    {
     "name": "stdout",
     "output_type": "stream",
     "text": [
      "[[ 0.         33.54089535 27.59356329 20.81991821 16.53032344 18.35871394\n",
      "  31.00232782 29.83609777 26.13823594 19.91309362 16.13845878 21.53909612\n",
      "  28.28846301 15.80773536 20.31063369 32.99942295 23.47617861 21.56153436\n",
      "  15.67659934 19.63690391 12.22811495 16.32148996 15.1528725  14.98755333\n",
      "  15.33574023 12.90984672 21.07339375 15.92548743 23.69715376 26.68012083]\n",
      " [33.54089535  0.         16.09806316 13.99882351 32.27406428 34.92892027\n",
      "  41.53112166 17.42558124 18.70363295 36.33431498 26.95870316 35.55431987\n",
      "  19.2308463  28.62401761 52.11350786 29.84388779 26.2369189  18.68609579\n",
      "  33.18342957 38.82965415 24.36620214 19.99065034 24.64396247 27.46993589\n",
      "  28.94229996 23.60447541 28.42024888 24.52315434 24.47597736  9.93989093]\n",
      " [27.59356329 16.09806316  0.         14.1271098  19.05799047 34.40615344\n",
      "  27.18623131 27.03677258 23.38846457 39.6348704  14.4769228  38.8548753\n",
      "   9.96263547 24.74756697 38.08396178 32.87802334 28.98131055 20.84919962\n",
      "  31.04181101 41.97117896 20.52923357 18.96951389 27.9445179  18.31936709\n",
      "  29.34659796 23.29740045 25.71172389 26.45933278 35.67598687 21.60224658]\n",
      " [20.81991821 13.99882351 14.1271098   0.         19.26481634 27.80971861\n",
      "  32.68790761 15.12051507 13.66464581 30.00535388 15.221319   29.22535877\n",
      "  10.92342593 17.14341107 39.20971988 31.9472399  19.8376949  17.19909289\n",
      "  22.54475707 32.34166244 12.42392593  9.67901697 18.31500137 16.15670222\n",
      "  20.48789932 14.26268566 20.71307784 16.9633271  21.82876313  9.5858261 ]\n",
      " [16.53032344 32.27406428 19.05799047 19.26481634  0.         30.75955718\n",
      "  28.98874618 29.12900309 28.1679227  29.84893409 14.74402169 34.31174312\n",
      "  16.97520757 16.68724654 19.94490354 45.70736773 25.56374057 30.95922071\n",
      "  25.48805639 30.589706   17.7434414  16.92680643 25.6457612  14.96215947\n",
      "  18.18826152 25.50289092 29.0808188  21.419369   25.2480385  25.30782979]\n",
      " [18.35871394 34.92892027 34.40615344 27.80971861 30.75955718  0.\n",
      "  27.29999002 28.32171408 26.78561449 23.47179484 22.41113926 15.35824769\n",
      "  34.51579407 21.8806975  23.713349   20.36001198 20.44641477 19.75941941\n",
      "   7.96676408 26.12122242 19.39842789 21.50733012 16.04175262 19.12230128\n",
      "  23.77515966 13.946983   16.19302627 14.14496833 35.82147299 26.69099833]\n",
      " [31.00232782 41.53112166 27.18623131 32.68790761 28.98874618 27.29999002\n",
      "   0.         45.59019508 37.96250341 42.25866314 22.67410812 30.91190767\n",
      "  27.94691274 37.97286743 18.94454418 25.60474457 43.91084173 27.62995645\n",
      "  27.96306165 48.08629174 29.01012844 35.23250334 29.6060655  26.98141224\n",
      "  43.04299206 23.95604637 25.56549001 35.27873011 54.23678468 41.64337302]\n",
      " [29.83609777 17.42558124 27.03677258 15.12051507 29.12900309 28.32171408\n",
      "  45.59019508  0.         11.44730521 21.90644639 24.08678396 24.82824629\n",
      "  21.66157185 24.53499895 47.98501284 25.23780322 11.48131353 19.0238623\n",
      "  29.05493455 23.73486537 23.09018126 18.62573766 21.39709243 22.96272814\n",
      "  23.99952692 22.43139436 23.46756323 16.79130644 24.46277622 11.8221693 ]\n",
      " [26.13823594 18.70363295 23.38846457 13.66464581 28.1679227  26.78561449\n",
      "  37.96250341 11.44730521  0.         19.83995975 22.06829576 19.7886673\n",
      "  22.6990881  20.69930494 44.27999817 21.3444865  14.22159696 13.68886906\n",
      "  25.49041003 23.65753365 18.76217535 15.66871244 14.824319   22.29932679\n",
      "  19.10343039 15.85862093 17.13926874 14.84677238 27.66636924 16.53924648]\n",
      " [19.91309362 36.33431498 39.6348704  30.00535388 29.84893409 23.47179484\n",
      "  42.25866314 21.90644639 19.83995975  0.         32.63973507 12.04929104\n",
      "  40.32977012 24.40857705 33.41990176 21.75967445 17.32367298 20.41812091\n",
      "  21.71259787 11.82326508 25.44110509 23.8185456  14.17254934 30.98568785\n",
      "  20.92155603 21.42127313 22.24068577 16.23755249 29.34047459 32.11880247]\n",
      " [16.13845878 26.95870316 14.4769228  15.221319   14.74402169 22.41113926\n",
      "  22.67410812 24.08678396 22.06829576 32.63973507  0.         29.98102679\n",
      "  12.62777807 18.33457922 26.96184288 31.16935588 22.50019035 19.60512469\n",
      "  21.61891294 30.51607446 10.17168833 16.00051861 20.46043732  5.20189676\n",
      "  22.55938685 13.97927129 17.31258749 18.6486938  33.58291485 19.12788077]\n",
      " [21.53909612 35.55431987 38.8548753  29.22535877 34.31174312 15.35824769\n",
      "  30.91190767 24.82824629 19.7886673  12.04929104 29.98102679  0.\n",
      "  40.03045499 26.16587822 31.13635942 12.4973142  19.90812134 18.00567567\n",
      "  20.41213006 17.17438407 21.70328345 22.80782658 11.24316802 29.26638508\n",
      "  24.17840328 16.0017555  19.20833651 18.18985598 35.37358279 33.18374701]\n",
      " [28.28846301 19.2308463   9.96263547 10.92342593 16.97520757 34.51579407\n",
      "  27.94691274 21.66157185 22.6990881  40.32977012 12.62777807 40.03045499\n",
      "   0.         24.73420726 36.09165421 37.97996817 29.21367767 24.32453429\n",
      "  31.73671072 42.66607868 19.21893679 18.95615419 28.78728697 16.24650073\n",
      "  30.04149768 24.02869949 24.79992791 27.1542325  30.16918358 15.66459469]\n",
      " [15.80773536 28.62401761 24.74756697 17.14341107 16.68724654 21.8806975\n",
      "  37.97286743 24.53499895 20.69930494 24.40857705 18.33457922 26.16587822\n",
      "  24.73420726  0.         28.21982651 34.93445929 13.81157722 24.83918948\n",
      "  16.73239018 20.40131912 13.99195423 11.97024026 18.72407341 16.00451372\n",
      "   7.65203251 18.8994062  18.57241522 15.64326508 17.40535511 22.20201734]\n",
      " [20.31063369 52.11350786 38.08396178 39.20971988 19.94490354 23.713349\n",
      "  18.94454418 47.98501284 44.27999817 33.41990176 26.96184288 31.13635942\n",
      "  36.09165421 28.21982651  0.         40.91062936 38.80090738 38.21234265\n",
      "  20.55479702 37.7390215  30.67993081 34.89410246 29.69850977 25.67362315\n",
      "  27.8588686  29.69186654 29.42743323 31.1937064  36.55179852 45.25273333]\n",
      " [32.99942295 29.84388779 32.87802334 31.9472399  45.70736773 20.36001198\n",
      "  25.60474457 25.23780322 21.3444865  21.75967445 31.16935588 12.4973142\n",
      "  37.97996817 34.93445929 40.91062936  0.         25.08488299 14.74814702\n",
      "  25.14893039 27.98087476 29.27289998 31.23054996 20.06160653 32.75983939\n",
      "  35.35735243 20.20447681 19.70097477 25.72425963 46.7747897  34.37133228]\n",
      " [23.47617861 26.2369189  28.98131055 19.8376949  25.56374057 20.44641477\n",
      "  43.91084173 11.48131353 14.22159696 17.32367298 22.50019035 19.90812134\n",
      "  29.21367767 13.81157722 38.80090738 25.08488299  0.         17.59542334\n",
      "  20.14834572 14.91105829 17.18242302 14.41319776 17.25997181 18.41660786\n",
      "  14.63453255 20.54639733 23.98377278 10.88683119 25.4634593  20.34570161]\n",
      " [21.56153436 18.68609579 20.84919962 17.19909289 30.95922071 19.75941941\n",
      "  27.62995645 19.0238623  13.68886906 20.41812091 19.60512469 18.00567567\n",
      "  24.32453429 24.83918948 38.21234265 14.74814702 17.59542334  0.\n",
      "  19.62385157 25.35242307 17.07256417 16.48240294 10.12449278 20.25620269\n",
      "  24.09041286 10.02674695 16.01523181 10.97611261 35.50785012 20.71277282]\n",
      " [15.67659934 33.18342957 31.04181101 22.54475707 25.48805639  7.96676408\n",
      "  27.96306165 29.05493455 25.49041003 21.71259787 21.61891294 20.41213006\n",
      "  31.73671072 16.73239018 20.55479702 25.14893039 20.14834572 19.62385157\n",
      "   0.         27.49449279 20.12303778 20.47618734 14.97406562 17.43601887\n",
      "  18.54930636 14.50906055 13.79385374 14.23632588 30.59561968 27.11076709]\n",
      " [19.63690391 38.82965415 41.97117896 32.34166244 30.589706   26.12122242\n",
      "  48.08629174 23.73486537 23.65753365 11.82326508 30.51607446 17.17438407\n",
      "  42.66607868 20.40131912 37.7390215  27.98087476 14.91105829 25.35242307\n",
      "  27.49449279  0.         23.5971523  24.76475934 21.08885403 28.01299205\n",
      "  16.32266487 24.63871767 28.34319813 19.28470766 28.52067326 33.79810261]\n",
      " [12.22811495 24.36620214 20.52923357 12.42392593 17.7434414  19.39842789\n",
      "  29.01012844 23.09018126 18.76217535 25.44110509 10.17168833 21.70328345\n",
      "  19.21893679 13.99195423 30.67993081 29.27289998 17.18242302 17.07256417\n",
      "  20.12303778 23.5971523   0.          6.28543881 12.63930251  9.5563582\n",
      "  18.50580135  9.40378057 21.20910349 13.52337968 27.86312078 17.25410902]\n",
      " [16.32148996 19.99065034 18.96951389  9.67901697 16.92680643 21.50733012\n",
      "  35.23250334 18.62573766 15.66871244 23.8185456  16.00051861 22.80782658\n",
      "  18.95615419 11.97024026 34.89410246 31.23054996 14.41319776 16.48240294\n",
      "  20.47618734 24.76475934  6.28543881  0.         11.78008113 14.44578297\n",
      "  15.50505142 11.55954659 21.22722146 12.35890557 21.79270159 12.78966542]\n",
      " [15.1528725  24.64396247 27.9445179  18.31500137 25.6457612  16.04175262\n",
      "  29.6060655  21.39709243 14.824319   14.17254934 20.46043732 11.24316802\n",
      "  28.78728697 18.72407341 29.69850977 20.06160653 17.25997181 10.12449278\n",
      "  14.97406562 21.08885403 12.63930251 11.78008113  0.         18.8063901\n",
      "  17.16629345  7.36019382 13.12940844  9.91647249 28.58373071 21.97475321]\n",
      " [14.98755333 27.46993589 18.31936709 16.15670222 14.96215947 19.12230128\n",
      "  26.98141224 22.96272814 22.29932679 30.98568785  5.20189676 29.26638508\n",
      "  16.24650073 16.00451372 25.67362315 32.75983939 18.41660786 20.25620269\n",
      "  17.43601887 28.01299205  9.5563582  14.44578297 18.8063901   0.\n",
      "  19.26135127 15.09488988 19.10807536 14.74813536 29.96421207 19.87827035]\n",
      " [15.33574023 28.94229996 29.34659796 20.48789932 18.18826152 23.77515966\n",
      "  43.04299206 23.99952692 19.10343039 20.92155603 22.55938685 24.17840328\n",
      "  30.04149768  7.65203251 27.8588686  35.35735243 14.63453255 24.09041286\n",
      "  18.54930636 16.32266487 18.50580135 15.50505142 17.16629345 19.26135127\n",
      "   0.         21.95801624 20.74446547 14.56661214 14.45732991 24.67633491]\n",
      " [12.90984672 23.60447541 23.29740045 14.26268566 25.50289092 13.946983\n",
      "  23.95604637 22.43139436 15.85862093 21.42127313 13.97927129 16.0017555\n",
      "  24.02869949 18.8994062  29.69186654 20.20447681 20.54639733 10.02674695\n",
      "  14.50906055 24.63871767  9.40378057 11.55954659  7.36019382 15.09488988\n",
      "  21.95801624  0.         12.58347709 11.36531273 32.66087703 18.75766293]\n",
      " [21.07339375 28.42024888 25.71172389 20.71307784 29.0808188  16.19302627\n",
      "  25.56549001 23.46756323 17.13926874 22.24068577 17.31258749 19.20833651\n",
      "  24.79992791 18.57241522 29.42743323 19.70097477 23.98377278 16.01523181\n",
      "  13.79385374 28.34319813 21.20910349 21.22722146 13.12940844 19.10807536\n",
      "  20.74446547 12.58347709  0.         18.02570007 33.14376638 23.24888785]\n",
      " [15.92548743 24.52315434 26.45933278 16.9633271  21.419369   14.14496833\n",
      "  35.27873011 16.79130644 14.84677238 16.23755249 18.6486938  18.18985598\n",
      "  27.1542325  15.64326508 31.1937064  25.72425963 10.88683119 10.97611261\n",
      "  14.23632588 19.28470766 13.52337968 12.35890557  9.91647249 14.74813536\n",
      "  14.56661214 11.36531273 18.02570007  0.         24.75866289 18.28625643]\n",
      " [23.69715376 24.47597736 35.67598687 21.82876313 25.2480385  35.82147299\n",
      "  54.23678468 24.46277622 27.66636924 29.34047459 33.58291485 35.37358279\n",
      "  30.16918358 17.40535511 36.55179852 46.7747897  25.4634593  35.50785012\n",
      "  30.59561968 28.52067326 27.86312078 21.79270159 28.58373071 29.96421207\n",
      "  14.45732991 32.66087703 33.14376638 24.75866289  0.         18.60612728]\n",
      " [26.68012083  9.93989093 21.60224658  9.5858261  25.30782979 26.69099833\n",
      "  41.64337302 11.8221693  16.53924648 32.11880247 19.12788077 33.18374701\n",
      "  15.66459469 22.20201734 45.25273333 34.37133228 20.34570161 20.71277282\n",
      "  27.11076709 33.79810261 17.25410902 12.78966542 21.97475321 19.87827035\n",
      "  24.67633491 18.75766293 23.24888785 18.28625643 18.60612728  0.        ]]\n"
     ]
    }
   ],
   "source": [
    "distance_matrix = IntervalMetrics.pairwise_distance(random_data.get_intervals(),\"hausdorff\",\"mean\")\n",
    "\n",
    "print(distance_matrix)"
   ]
  },
  {
   "cell_type": "code",
   "execution_count": 4,
   "metadata": {},
   "outputs": [
    {
     "name": "stdout",
     "output_type": "stream",
     "text": [
      "[1 3 2 3 2 1 1 3 3 0 2 1 2 0 1 1 0 3 1 0 2 2 1 2 0 1 1 0 0 3]\n"
     ]
    }
   ],
   "source": [
    "model = IntervalKMeans(n_clusters=4,max_iter=20,tol=1e-4,random_state=42)\n",
    "model.fit(random_data.get_intervals(),distance_func=IntervalMetrics.hausdorff_distance_md,operator=\"mean\") \n",
    "\n",
    "print(model.labels_)"
   ]
  },
  {
   "cell_type": "code",
   "execution_count": 5,
   "metadata": {},
   "outputs": [],
   "source": [
    "def plot_intervals_3D(intervals, labels=None):\n",
    "    fig= plt.figure(figsize=(8,8))\n",
    "    ax = fig.add_subplot(111,projection='3d')\n",
    "    ClusteringVisualization.draw_3d_interval_cubes(ax, intervals, labels)\n",
    "\n",
    "    xs = intervals[:, 0, :].ravel()  # x_lower, x_upper\n",
    "    ys = intervals[:, 1, :].ravel()  # y_lower, y_upper\n",
    "    zs = intervals[:, 2, :].ravel()  # z_lower, z_upper\n",
    "\n",
    "    x_min, x_max = xs.min() - 5, xs.max() + 5\n",
    "    y_min, y_max = ys.min() - 5, ys.max() + 5\n",
    "    z_min, z_max = zs.min() - 5, zs.max() + 5\n",
    "\n",
    "    ax.set_xlim(x_min, x_max)\n",
    "    ax.set_ylim(y_min, y_max)\n",
    "    ax.set_zlim(z_min, z_max)\n",
    "\n",
    "    ax.set_xlabel(\"x1\")\n",
    "    ax.set_ylabel(\"x2\")\n",
    "    ax.set_zlabel(\"x3\")\n",
    "    ax.set_title(\"3D\")\n",
    "\n",
    "    plt.show()\n",
    "\n",
    "def plot_intervals_as_squares(intervals, labels=None):\n",
    "    fig, ax = plt.subplots(figsize=(6,6))\n",
    "    ClusteringVisualization.draw_interval_squares(ax, intervals, labels)\n",
    "\n",
    "    min_val = intervals.min() - 1\n",
    "    max_val = intervals.max() + 1\n",
    "    ax.set_xlim(min_val, max_val)\n",
    "    ax.set_ylim(min_val, max_val)\n",
    "    ax.set_aspect('equal', 'box')\n",
    "    \n",
    "    ax.set_xlabel(\"Coordinate X (lower →)\")\n",
    "    ax.set_ylabel(\"Coordinate Y (lower →)\")\n",
    "    ax.set_title(\"1D Intervals as Squares\")\n",
    "    plt.show()\n",
    "\n",
    "def plot_2d_intervals(intervals, labels=None):\n",
    "    fig, ax = plt.subplots(figsize=(6, 6))\n",
    "    \n",
    "    ClusteringVisualization.draw_interval_rectangles(ax, intervals, labels=labels)\n",
    "    \n",
    "    # 根据 intervals 范围调整坐标\n",
    "    x_vals = intervals[:, 0, :].ravel()  # 所有 x_lower, x_upper\n",
    "    y_vals = intervals[:, 1, :].ravel()  # 所有 y_lower, y_upper\n",
    "    x_min, x_max = x_vals.min() - 1, x_vals.max() + 1\n",
    "    y_min, y_max = y_vals.min() - 1, y_vals.max() + 1\n",
    "    ax.set_xlim(x_min, x_max)\n",
    "    ax.set_ylim(y_min, y_max)\n",
    "    \n",
    "    # 让坐标系的 x,y 单位看起来相等\n",
    "    ax.set_aspect('equal', 'box')\n",
    "    \n",
    "    ax.set_xlabel(\"X dimension\")\n",
    "    ax.set_ylabel(\"Y dimension\")\n",
    "    ax.set_title(\"2D Interval Rectangles\")\n",
    "    plt.show()\n"
   ]
  },
  {
   "cell_type": "code",
   "execution_count": 6,
   "metadata": {},
   "outputs": [
    {
     "data": {
